37,0
28,1
29,2
37,3
29,4
29,5
29,6
37,7
9,8
29,9
9,10
28,11
2,12
29,13
9,14
9,15
2,16
28,17
28,18
2,19
9,20
28,21
37,22
37,23
5,24
5,25
6,26
22,27
15,28
7,29
32,30
8,31
31,32
7,33
31,34
9,35
29,36
28,37
9,38
28,39
29,40
29,41
28,42
28,43
29,44
29,45
37,46
29,47
29,48
29,49
29,50
29,51
28,52
2,53
37,54
28,55
2,56
37,57
29,58
9,59
29,60
37,61
29,62
9,63
37,64
37,65
39,66
16,67
23,68
16,69
16,70
23,71
5,72
36,73
6,74
22,75
17,76
7,77
7,78
1,79
8,80
18,81
9,82
29,83
37,84
29,85
9,86
28,87
37,88
2,89
29,90
2,91
2,92
9,93
9,94
37,95
28,96
2,97
37,98
37,99
9,100
37,101
9,102
29,103
37,104
2,105
29,106
2,107
29,108
2,109
37,110
2,111
28,112
28,113
29,114
2,115
37,116
29,117
37,118
28,119
29,120
37,121
9,122
29,123
29,124
37,125
9,126
29,127
28,128
5,129
36,130
6,131
11,132
7,133
1,134
32,135
8,136
18,137
9,138
29,139
29,140
2,141
2,142
29,143
28,144
29,145
2,146
28,147
29,148
9,149
28,150
29,151
28,152
2,153
2,154
2,155
28,156
37,157
2,158
37,159
9,160
9,161
37,162
9,163
9,164
37,165
37,166
29,167
0,168
0,169
1,170
1,171
31,172
2,173
9,174
29,175
3,176
23,177
4,178
30,179
18,180
25,181
20,182
5,183
5,184
38,185
26,186
26,187
5,188
6,189
22,190
6,191
7,192
7,193
7,194
8,195
31,196
9,197
28,198
37,199
37,200
2,201
37,202
9,203
28,204
28,205
2,206
37,207
29,208
2,209
29,210
9,211
2,212
37,213
28,214
28,215
9,216
37,217
5,218
5,219
6,220
19,221
22,222
17,223
17,224
22,225
22,226
7,227
7,228
1,229
8,230
8,231
1,232
9,233
29,234
2,235
29,236
37,237
39,238
16,239
3,240
16,241
23,242
3,243
39,244
39,245
3,246
39,247
23,248
3,249
3,250
16,251
23,252
3,253
16,254
3,255
16,256
23,257
3,258
3,259
23,260
24,261
21,262
21,263
0,264
24,265
21,266
24,267
24,268
0,269
21,270
21,271
24,272
21,273
24,274
21,275
0,276
21,277
0,278
0,279
0,280
21,281
21,282
24,283
24,284
0,285
0,286
24,287
21,288
24,289
24,290
21,291
21,292
21,293
24,294
21,295
24,296
24,297
26,298
10,299
10,300
10,301
10,302
26,303
38,304
38,305
26,306
26,307
5,308
10,309
10,310
5,311
36,312
13,313
36,314
13,315
36,316
13,317
27,318
8,319
8,320
32,321
32,322
31,323
7,324
8,325
27,326
27,327
7,328
27,329
31,330
7,331
8,332
27,333
8,334
31,335
7,336
8,337
31,338
1,339
31,340
31,341
32,342
27,343
32,344
31,345
8,346
8,347
27,348
7,349
31,350
32,351
32,352
27,353
1,354
31,355
31,356
7,357
27,358
1,359
1,360
7,361
27,362
7,363
7,364
7,365
1,366
1,367
5,368
5,369
38,370
10,371
26,372
6,373
19,374
6,375
7,376
8,377
7,378
8,379
8,380
9,381
37,382
28,383
37,384
39,385
39,386
3,387
3,388
3,389
16,390
23,391
24,392
24,393
24,394
21,395
0,396
24,397
21,398
21,399
5,400
38,401
6,402
14,403
19,404
7,405
8,406
8,407
32,408
8,409
7,410
9,411
2,412
28,413
29,414
37,415
29,416
28,417
28,418
37,419
37,420
29,421
28,422
9,423
2,424
37,425
9,426
9,427
28,428
29,429
9,430
2,431
37,432
2,433
29,434
9,435
29,436
0,437
0,438
0,439
0,440
0,441
1,442
1,443
2,444
28,445
3,446
3,447
16,448
39,449
4,450
4,451
4,452
4,453
30,454
4,455
18,456
30,457
30,458
5,459
36,460
36,461
6,462
11,463
7,464
7,465
8,466
7,467
9,468
28,469
2,470
9,471
29,472
37,473
37,474
39,475
16,476
23,477
23,478
23,479
0,480
0,481
1,482
1,483
2,484
2,485
2,486
2,487
37,488
29,489
3,490
16,491
4,492
30,493
18,494
30,495
30,496
30,497
30,498
18,499
4,500
4,501
4,502
4,503
4,504
30,505
18,506
30,507
18,508
18,509
30,510
4,511
30,512
18,513
30,514
30,515
4,516
30,517
5,518
36,519
36,520
36,521
6,522
11,523
17,524
7,525
8,526
8,527
18,528
30,529
9,530
37,531
9,532
9,533
29,534
37,535
29,536
2,537
28,538
28,539
2,540
2,541
37,542
2,543
9,544
28,545
9,546
29,547
37,548
37,549
9,550
9,551
9,552
9,553
37,554
2,555
28,556
2,557
37,558
28,559
37,560
29,561
37,562
28,563
37,564
37,565
2,566
28,567
28,568
29,569
2,570
28,571
29,572
2,573
28,574
37,575
28,576
28,577
37,578
37,579
9,580
37,581
2,582
29,583
2,584
29,585
37,586
9,587
29,588
29,589
29,590
9,591
2,592
28,593
37,594
39,595
39,596
16,597
23,598
39,599
39,600
39,601
39,602
16,603
3,604
23,605
16,606
16,607
3,608
39,609
23,610
16,611
23,612
39,613
16,614
39,615
16,616
39,617
39,618
16,619
16,620
39,621
16,622
39,623
39,624
39,625
39,626
23,627
3,628
16,629
16,630
39,631
16,632
3,633
39,634
23,635
16,636
23,637
39,638
3,639
3,640
3,641
5,642
36,643
6,644
6,645
22,646
7,647
27,648
8,649
8,650
9,651
37,652
28,653
2,654
28,655
9,656
28,657
2,658
28,659
2,660
37,661
9,662
2,663
28,664
2,665
37,666
2,667
29,668
2,669
9,670
5,671
26,672
38,673
6,674
22,675
11,676
7,677
1,678
31,679
32,680
8,681
18,682
9,683
9,684
29,685
28,686
28,687
29,688
29,689
2,690
9,691
29,692
37,693
39,694
39,695
23,696
24,697
26,698
38,699
38,700
10,701
5,702
26,703
38,704
38,705
26,706
26,707
10,708
10,709
10,710
26,711
5,712
38,713
38,714
10,715
38,716
38,717
26,718
5,719
5,720
36,721
36,722
13,723
27,724
27,725
31,726
27,727
31,728
7,729
7,730
7,731
8,732
8,733
27,734
27,735
1,736
27,737
27,738
27,739
1,740
31,741
8,742
31,743
8,744
27,745
32,746
1,747
27,748
8,749
31,750
8,751
27,752
8,753
31,754
8,755
31,756
8,757
31,758
27,759
7,760
31,761
31,762
32,763
32,764
1,765
1,766
27,767
8,768
8,769
27,770
32,771
32,772
31,773
5,774
26,775
6,776
19,777
7,778
27,779
27,780
31,781
1,782
8,783
7,784
1,785
9,786
28,787
37,788
29,789
28,790
9,791
37,792
37,793
28,794
29,795
28,796
28,797
37,798
39,799
23,800
39,801
39,802
16,803
23,804
16,805
16,806
23,807
16,808
3,809
16,810
3,811
23,812
23,813
39,814
23,815
3,816
39,817
23,818
3,819
23,820
39,821
0,822
24,823
1,824
1,825
27,826
2,827
9,828
3,829
39,830
4,831
18,832
18,833
18,834
18,835
18,836
25,837
20,838
33,839
33,840
33,841
20,842
25,843
25,844
35,845
34,846
6,847
22,848
15,849
17,850
11,851
17,852
22,853
15,854
15,855
22,856
22,857
14,858
22,859
17,860
11,861
19,862
17,863
6,864
19,865
6,866
15,867
14,868
19,869
14,870
17,871
19,872
6,873
6,874
6,875
22,876
14,877
22,878
22,879
15,880
22,881
19,882
11,883
11,884
19,885
17,886
15,887
17,888
14,889
19,890
6,891
6,892
22,893
6,894
11,895
11,896
15,897
6,898
19,899
15,900
17,901
37,902
28,903
28,904
28,905
37,906
29,907
29,908
37,909
2,910
9,911
29,912
2,913
29,914
2,915
29,916
9,917
37,918
29,919
37,920
37,921
37,922
2,923
37,924
37,925
28,926
2,927
29,928
29,929
37,930
2,931
9,932
28,933
2,934
2,935
28,936
9,937
9,938
28,939
37,940
29,941
2,942
9,943
29,944
37,945
2,946
2,947
28,948
9,949
29,950
28,951
2,952
2,953
28,954
28,955
37,956
29,957
2,958
28,959
28,960
9,961
29,962
2,963
9,964
29,965
2,966
28,967
28,968
29,969
9,970
2,971
37,972
2,973
28,974
9,975
37,976
2,977
29,978
37,979
29,980
37,981
28,982
2,983
2,984
2,985
37,986
29,987
37,988
37,989
9,990
28,991
9,992
37,993
39,994
39,995
16,996
23,997
3,998
16,999
16,1000
16,1001
3,1002
3,1003
39,1004
23,1005
3,1006
16,1007
23,1008
39,1009
3,1010
3,1011
39,1012
3,1013
3,1014
16,1015
16,1016
16,1017
16,1018
3,1019
23,1020
24,1021
21,1022
24,1023
0,1024
0,1025
24,1026
21,1027
24,1028
0,1029
24,1030
24,1031
21,1032
0,1033
21,1034
24,1035
0,1036
21,1037
0,1038
0,1039
5,1040
10,1041
26,1042
38,1043
10,1044
6,1045
14,1046
17,1047
11,1048
17,1049
7,1050
1,1051
8,1052
27,1053
9,1054
9,1055
9,1056
9,1057
2,1058
28,1059
9,1060
37,1061
29,1062
37,1063
2,1064
28,1065
9,1066
29,1067
37,1068
2,1069
2,1070
37,1071
28,1072
9,1073
2,1074
37,1075
2,1076
29,1077
2,1078
28,1079
2,1080
9,1081
28,1082
28,1083
9,1084
37,1085
9,1086
2,1087
28,1088
9,1089
9,1090
37,1091
29,1092
2,1093
37,1094
39,1095
23,1096
3,1097
39,1098
23,1099
23,1100
3,1101
3,1102
23,1103
3,1104
23,1105
23,1106
3,1107
39,1108
16,1109
3,1110
23,1111
24,1112
0,1113
0,1114
21,1115
0,1116
21,1117
0,1118
21,1119
21,1120
0,1121
24,1122
26,1123
5,1124
26,1125
5,1126
36,1127
36,1128
13,1129
27,1130
31,1131
1,1132
31,1133
27,1134
7,1135
8,1136
18,1137
4,1138
4,1139
18,1140
30,1141
4,1142
18,1143
30,1144
30,1145
4,1146
18,1147
4,1148
18,1149
4,1150
30,1151
18,1152
4,1153
4,1154
30,1155
18,1156
30,1157
30,1158
4,1159
4,1160
18,1161
18,1162
18,1163
4,1164
18,1165
4,1166
0,1167
0,1168
1,1169
1,1170
1,1171
1,1172
8,1173
27,1174
27,1175
31,1176
2,1177
37,1178
28,1179
3,1180
39,1181
3,1182
16,1183
39,1184
4,1185
4,1186
4,1187
18,1188
4,1189
18,1190
30,1191
30,1192
18,1193
4,1194
4,1195
18,1196
25,1197
20,1198
20,1199
5,1200
36,1201
36,1202
6,1203
6,1204
22,1205
7,1206
27,1207
7,1208
8,1209
8,1210
32,1211
9,1212
37,1213
39,1214
39,1215
23,1216
3,1217
16,1218
3,1219
3,1220
23,1221
3,1222
23,1223
39,1224
16,1225
16,1226
16,1227
16,1228
3,1229
3,1230
23,1231
39,1232
16,1233
16,1234
16,1235
23,1236
24,1237
21,1238
0,1239
21,1240
0,1241
24,1242
24,1243
1,1244
7,1245
32,1246
2,1247
9,1248
3,1249
3,1250
16,1251
23,1252
23,1253
16,1254
39,1255
4,1256
18,1257
5,1258
10,1259
6,1260
15,1261
22,1262
19,1263
7,1264
27,1265
1,1266
27,1267
8,1268
27,1269
32,1270
9,1271
37,1272
37,1273
9,1274
37,1275
37,1276
29,1277
28,1278
29,1279
29,1280
2,1281
2,1282
0,1283
24,1284
1,1285
7,1286
2,1287
28,1288
37,1289
2,1290
3,1291
23,1292
16,1293
4,1294
18,1295
30,1296
30,1297
18,1298
30,1299
4,1300
18,1301
25,1302
33,1303
35,1304
25,1305
35,1306
34,1307
12,1308
12,1309
12,1310
12,1311
34,1312
34,1313
6,1314
22,1315
14,1316
15,1317
19,1318
19,1319
6,1320
11,1321
22,1322
14,1323
22,1324
22,1325
19,1326
6,1327
14,1328
17,1329
5,1330
38,1331
6,1332
11,1333
15,1334
17,1335
6,1336
15,1337
7,1338
31,1339
31,1340
8,1341
31,1342
27,1343
1,1344
9,1345
2,1346
9,1347
9,1348
9,1349
2,1350
37,1351
39,1352
23,1353
23,1354
39,1355
3,1356
0,1357
24,1358
0,1359
1,1360
1,1361
7,1362
2,1363
2,1364
29,1365
37,1366
2,1367
3,1368
3,1369
16,1370
4,1371
18,1372
30,1373
18,1374
18,1375
18,1376
25,1377
33,1378
20,1379
20,1380
35,1381
33,1382
20,1383
25,1384
35,1385
33,1386
25,1387
25,1388
25,1389
33,1390
35,1391
20,1392
35,1393
20,1394
33,1395
20,1396
35,1397
20,1398
33,1399
33,1400
33,1401
20,1402
33,1403
25,1404
20,1405
33,1406
33,1407
5,1408
26,1409
10,1410
38,1411
10,1412
6,1413
22,1414
14,1415
7,1416
31,1417
8,1418
27,1419
7,1420
31,1421
31,1422
9,1423
9,1424
2,1425
2,1426
2,1427
9,1428
9,1429
2,1430
37,1431
39,1432
39,1433
39,1434
3,1435
16,1436
3,1437
23,1438
16,1439
23,1440
16,1441
39,1442
23,1443
24,1444
24,1445
26,1446
26,1447
5,1448
36,1449
36,1450
36,1451
13,1452
13,1453
13,1454
36,1455
36,1456
13,1457
27,1458
8,1459
1,1460
7,1461
32,1462
8,1463
32,1464
27,1465
32,1466
8,1467
18,1468
18,1469
18,1470
25,1471
33,1472
25,1473
20,1474
20,1475
20,1476
33,1477
25,1478
20,1479
25,1480
33,1481
33,1482
35,1483
25,1484
25,1485
33,1486
33,1487
35,1488
35,1489
34,1490
12,1491
34,1492
12,1493
0,1494
21,1495
1,1496
31,1497
27,1498
2,1499
2,1500
37,1501
2,1502
3,1503
23,1504
4,1505
18,1506
4,1507
18,1508
18,1509
4,1510
4,1511
30,1512
18,1513
30,1514
18,1515
25,1516
35,1517
34,1518
6,1519
14,1520
11,1521
17,1522
37,1523
39,1524
23,1525
3,1526
16,1527
16,1528
39,1529
23,1530
23,1531
23,1532
3,1533
3,1534
16,1535
23,1536
3,1537
39,1538
39,1539
3,1540
16,1541
16,1542
39,1543
16,1544
16,1545
16,1546
23,1547
3,1548
39,1549
16,1550
39,1551
39,1552
39,1553
16,1554
16,1555
39,1556
23,1557
3,1558
3,1559
23,1560
16,1561
39,1562
3,1563
23,1564
3,1565
3,1566
3,1567
39,1568
16,1569
16,1570
23,1571
3,1572
39,1573
16,1574
23,1575
24,1576
24,1577
0,1578
0,1579
24,1580
26,1581
38,1582
38,1583
10,1584
5,1585
10,1586
5,1587
26,1588
10,1589
26,1590
10,1591
5,1592
26,1593
5,1594
36,1595
36,1596
36,1597
13,1598
27,1599
8,1600
8,1601
7,1602
31,1603
31,1604
7,1605
32,1606
27,1607
8,1608
1,1609
8,1610
7,1611
7,1612
1,1613
32,1614
7,1615
31,1616
7,1617
27,1618
32,1619
1,1620
7,1621
8,1622
27,1623
1,1624
8,1625
0,1626
0,1627
0,1628
0,1629
21,1630
0,1631
1,1632
7,1633
2,1634
2,1635
3,1636
23,1637
4,1638
4,1639
18,1640
4,1641
30,1642
18,1643
25,1644
33,1645
25,1646
20,1647
35,1648
25,1649
33,1650
20,1651
25,1652
35,1653
35,1654
25,1655
33,1656
25,1657
33,1658
35,1659
20,1660
20,1661
35,1662
33,1663
25,1664
33,1665
20,1666
33,1667
25,1668
20,1669
33,1670
20,1671
25,1672
20,1673
20,1674
25,1675
35,1676
33,1677
25,1678
35,1679
25,1680
25,1681
25,1682
20,1683
20,1684
25,1685
25,1686
35,1687
35,1688
33,1689
35,1690
20,1691
33,1692
33,1693
20,1694
33,1695
25,1696
25,1697
33,1698
35,1699
34,1700
12,1701
34,1702
12,1703
34,1704
6,1705
6,1706
14,1707
14,1708
6,1709
17,1710
17,1711
17,1712
15,1713
17,1714
37,1715
37,1716
39,1717
0,1718
21,1719
21,1720
1,1721
8,1722
2,1723
37,1724
37,1725
3,1726
16,1727
4,1728
30,1729
4,1730
30,1731
30,1732
4,1733
18,1734
4,1735
4,1736
18,1737
18,1738
4,1739
30,1740
4,1741
30,1742
30,1743
4,1744
4,1745
18,1746
25,1747
20,1748
20,1749
20,1750
20,1751
25,1752
33,1753
33,1754
20,1755
35,1756
33,1757
25,1758
25,1759
35,1760
20,1761
35,1762
25,1763
35,1764
35,1765
34,1766
12,1767
12,1768
34,1769
12,1770
5,1771
36,1772
36,1773
6,1774
14,1775
7,1776
32,1777
8,1778
27,1779
27,1780
8,1781
1,1782
9,1783
37,1784
39,1785
3,1786
16,1787
39,1788
3,1789
23,1790
3,1791
16,1792
16,1793
3,1794
16,1795
39,1796
39,1797
23,1798
23,1799
39,1800
39,1801
23,1802
16,1803
23,1804
24,1805
26,1806
5,1807
36,1808
13,1809
13,1810
36,1811
36,1812
36,1813
36,1814
13,1815
36,1816
13,1817
13,1818
36,1819
36,1820
13,1821
36,1822
36,1823
36,1824
13,1825
27,1826
8,1827
8,1828
27,1829
7,1830
8,1831
31,1832
32,1833
7,1834
8,1835
31,1836
32,1837
27,1838
27,1839
7,1840
27,1841
32,1842
31,1843
27,1844
32,1845
31,1846
32,1847
31,1848
8,1849
1,1850
1,1851
1,1852
27,1853
1,1854
8,1855
32,1856
32,1857
31,1858
27,1859
32,1860
1,1861
31,1862
7,1863
32,1864
32,1865
7,1866
32,1867
32,1868
1,1869
7,1870
32,1871
31,1872
32,1873
32,1874
27,1875
8,1876
18,1877
30,1878
18,1879
25,1880
35,1881
35,1882
35,1883
25,1884
35,1885
20,1886
33,1887
33,1888
35,1889
20,1890
33,1891
35,1892
35,1893
34,1894
34,1895
12,1896
34,1897
6,1898
6,1899
22,1900
22,1901
6,1902
17,1903
15,1904
11,1905
11,1906
17,1907
6,1908
15,1909
14,1910
6,1911
15,1912
15,1913
17,1914
22,1915
19,1916
22,1917
22,1918
11,1919
22,1920
19,1921
11,1922
19,1923
15,1924
6,1925
22,1926
14,1927
6,1928
17,1929
14,1930
15,1931
17,1932
19,1933
19,1934
14,1935
11,1936
17,1937
6,1938
15,1939
15,1940
15,1941
15,1942
6,1943
11,1944
6,1945
11,1946
22,1947
6,1948
19,1949
6,1950
11,1951
6,1952
6,1953
17,1954
11,1955
22,1956
6,1957
11,1958
17,1959
37,1960
37,1961
9,1962
29,1963
37,1964
28,1965
9,1966
29,1967
2,1968
29,1969
37,1970
2,1971
9,1972
28,1973
5,1974
38,1975
6,1976
15,1977
7,1978
8,1979
8,1980
1,1981
8,1982
9,1983
37,1984
2,1985
37,1986
39,1987
39,1988
39,1989
16,1990
39,1991
39,1992
23,1993
3,1994
3,1995
23,1996
3,1997
39,1998
3,1999
3,2000
39,2001
23,2002
24,2003
26,2004
10,2005
26,2006
5,2007
26,2008
26,2009
10,2010
38,2011
5,2012
26,2013
38,2014
5,2015
5,2016
38,2017
10,2018
38,2019
38,2020
38,2021
10,2022
26,2023
10,2024
5,2025
36,2026
13,2027
13,2028
36,2029
13,2030
13,2031
13,2032
27,2033
7,2034
32,2035
1,2036
7,2037
7,2038
31,2039
27,2040
1,2041
8,2042
18,2043
18,2044
18,2045
18,2046
18,2047
25,2048
35,2049
34,2050
12,2051
34,2052
34,2053
34,2054
0,2055
21,2056
0,2057
21,2058
1,2059
7,2060
2,2061
2,2062
3,2063
23,2064
4,2065
4,2066
30,2067
4,2068
4,2069
18,2070
4,2071
4,2072
30,2073
4,2074
4,2075
18,2076
25,2077
20,2078
20,2079
33,2080
20,2081
33,2082
25,2083
33,2084
35,2085
20,2086
20,2087
20,2088
5,2089
10,2090
6,2091
19,2092
15,2093
7,2094
27,2095
8,2096
27,2097
9,2098
9,2099
2,2100
37,2101
28,2102
9,2103
9,2104
9,2105
29,2106
28,2107
2,2108
2,2109
9,2110
28,2111
37,2112
28,2113
2,2114
37,2115
2,2116
9,2117
37,2118
37,2119
29,2120
2,2121
37,2122
9,2123
29,2124
29,2125
37,2126
9,2127
37,2128
29,2129
37,2130
28,2131
29,2132
29,2133
9,2134
2,2135
28,2136
9,2137
28,2138
9,2139
9,2140
29,2141
9,2142
9,2143
28,2144
29,2145
9,2146
2,2147
37,2148
2,2149
2,2150
2,2151
28,2152
37,2153
2,2154
9,2155
29,2156
29,2157
9,2158
9,2159
28,2160
37,2161
39,2162
23,2163
39,2164
39,2165
23,2166
39,2167
39,2168
3,2169
16,2170
39,2171
23,2172
23,2173
16,2174
3,2175
3,2176
16,2177
39,2178
23,2179
39,2180
39,2181
39,2182
3,2183
3,2184
3,2185
16,2186
23,2187
16,2188
5,2189
36,2190
6,2191
14,2192
14,2193
7,2194
27,2195
8,2196
27,2197
1,2198
9,2199
9,2200
37,2201
9,2202
28,2203
2,2204
9,2205
28,2206
28,2207
9,2208
2,2209
37,2210
39,2211
16,2212
23,2213
39,2214
23,2215
3,2216
3,2217
39,2218
16,2219
23,2220
16,2221
3,2222
0,2223
24,2224
24,2225
0,2226
1,2227
27,2228
32,2229
2,2230
9,2231
3,2232
16,2233
4,2234
4,2235
30,2236
18,2237
25,2238
20,2239
25,2240
33,2241
35,2242
25,2243
25,2244
33,2245
33,2246
35,2247
35,2248
34,2249
34,2250
6,2251
14,2252
6,2253
6,2254
22,2255
17,2256
11,2257
11,2258
11,2259
11,2260
11,2261
19,2262
19,2263
11,2264
22,2265
15,2266
17,2267
15,2268
22,2269
19,2270
11,2271
11,2272
22,2273
14,2274
6,2275
15,2276
19,2277
11,2278
22,2279
15,2280
19,2281
22,2282
15,2283
15,2284
6,2285
19,2286
17,2287
22,2288
14,2289
6,2290
22,2291
19,2292
15,2293
6,2294
17,2295
22,2296
14,2297
22,2298
6,2299
6,2300
15,2301
22,2302
6,2303
15,2304
15,2305
15,2306
15,2307
14,2308
22,2309
14,2310
14,2311
22,2312
14,2313
15,2314
15,2315
22,2316
11,2317
22,2318
14,2319
11,2320
14,2321
22,2322
22,2323
22,2324
6,2325
14,2326
22,2327
6,2328
15,2329
17,2330
11,2331
15,2332
6,2333
11,2334
17,2335
6,2336
6,2337
22,2338
19,2339
22,2340
17,2341
22,2342
6,2343
14,2344
15,2345
19,2346
6,2347
19,2348
15,2349
15,2350
11,2351
17,2352
14,2353
6,2354
19,2355
19,2356
22,2357
15,2358
6,2359
15,2360
19,2361
15,2362
19,2363
6,2364
17,2365
19,2366
14,2367
17,2368
22,2369
22,2370
14,2371
15,2372
15,2373
19,2374
14,2375
6,2376
17,2377
22,2378
11,2379
6,2380
17,2381
14,2382
14,2383
11,2384
11,2385
6,2386
0,2387
24,2388
1,2389
8,2390
2,2391
2,2392
9,2393
3,2394
23,2395
4,2396
18,2397
18,2398
4,2399
30,2400
4,2401
30,2402
18,2403
18,2404
18,2405
18,2406
25,2407
35,2408
20,2409
25,2410
25,2411
25,2412
20,2413
33,2414
33,2415
33,2416
35,2417
33,2418
33,2419
35,2420
35,2421
33,2422
35,2423
34,2424
34,2425
34,2426
34,2427
12,2428
12,2429
12,2430
12,2431
34,2432
12,2433
34,2434
12,2435
34,2436
12,2437
12,2438
12,2439
34,2440
34,2441
34,2442
12,2443
34,2444
6,2445
11,2446
6,2447
6,2448
22,2449
19,2450
19,2451
14,2452
11,2453
17,2454
11,2455
11,2456
6,2457
15,2458
17,2459
17,2460
19,2461
22,2462
14,2463
15,2464
6,2465
15,2466
22,2467
22,2468
17,2469
6,2470
19,2471
11,2472
19,2473
6,2474
14,2475
15,2476
17,2477
37,2478
39,2479
39,2480
16,2481
23,2482
24,2483
24,2484
24,2485
0,2486
21,2487
24,2488
24,2489
26,2490
5,2491
26,2492
5,2493
10,2494
26,2495
38,2496
26,2497
5,2498
26,2499
10,2500
26,2501
5,2502
0,2503
21,2504
1,2505
27,2506
2,2507
9,2508
29,2509
29,2510
37,2511
37,2512
3,2513
3,2514
4,2515
18,2516
18,2517
4,2518
30,2519
30,2520
30,2521
30,2522
4,2523
30,2524
18,2525
25,2526
25,2527
33,2528
35,2529
34,2530
6,2531
17,2532
15,2533
17,2534
14,2535
17,2536
37,2537
28,2538
37,2539
9,2540
9,2541
28,2542
28,2543
37,2544
39,2545
16,2546
3,2547
3,2548
23,2549
23,2550
3,2551
16,2552
39,2553
23,2554
39,2555
39,2556
3,2557
39,2558
3,2559
39,2560
23,2561
16,2562
39,2563
16,2564
39,2565
3,2566
3,2567
16,2568
3,2569
23,2570
39,2571
16,2572
23,2573
16,2574
3,2575
23,2576
39,2577
3,2578
16,2579
3,2580
39,2581
39,2582
23,2583
3,2584
16,2585
39,2586
3,2587
3,2588
39,2589
23,2590
39,2591
16,2592
23,2593
16,2594
3,2595
39,2596
23,2597
3,2598
3,2599
23,2600
39,2601
3,2602
23,2603
16,2604
23,2605
16,2606
39,2607
23,2608
23,2609
24,2610
26,2611
38,2612
10,2613
38,2614
26,2615
5,2616
5,2617
36,2618
36,2619
36,2620
36,2621
13,2622
13,2623
36,2624
13,2625
27,2626
31,2627
27,2628
27,2629
32,2630
27,2631
27,2632
8,2633
8,2634
31,2635
8,2636
8,2637
27,2638
32,2639
31,2640
1,2641
32,2642
31,2643
1,2644
8,2645
7,2646
32,2647
7,2648
1,2649
8,2650
32,2651
27,2652
32,2653
27,2654
1,2655
1,2656
1,2657
8,2658
1,2659
8,2660
18,2661
18,2662
18,2663
18,2664
30,2665
30,2666
18,2667
18,2668
25,2669
20,2670
33,2671
35,2672
33,2673
33,2674
20,2675
33,2676
33,2677
20,2678
33,2679
0,2680
21,2681
21,2682
24,2683
1,2684
7,2685
2,2686
2,2687
3,2688
39,2689
23,2690
3,2691
4,2692
18,2693
4,2694
4,2695
30,2696
18,2697
4,2698
30,2699
30,2700
30,2701
30,2702
18,2703
18,2704
30,2705
4,2706
30,2707
4,2708
18,2709
4,2710
30,2711
18,2712
18,2713
4,2714
30,2715
4,2716
4,2717
4,2718
18,2719
30,2720
30,2721
18,2722
18,2723
18,2724
4,2725
18,2726
18,2727
4,2728
4,2729
30,2730
30,2731
30,2732
4,2733
30,2734
18,2735
18,2736
25,2737
25,2738
33,2739
25,2740
25,2741
25,2742
33,2743
5,2744
10,2745
6,2746
6,2747
7,2748
32,2749
8,2750
1,2751
9,2752
29,2753
9,2754
37,2755
9,2756
2,2757
37,2758
39,2759
16,2760
3,2761
39,2762
23,2763
39,2764
39,2765
23,2766
23,2767
39,2768
39,2769
23,2770
24,2771
24,2772
21,2773
0,2774
21,2775
0,2776
24,2777
0,2778
24,2779
26,2780
10,2781
26,2782
38,2783
26,2784
26,2785
38,2786
10,2787
26,2788
38,2789
10,2790
26,2791
26,2792
38,2793
26,2794
26,2795
5,2796
10,2797
6,2798
17,2799
7,2800
8,2801
7,2802
31,2803
8,2804
27,2805
9,2806
28,2807
29,2808
28,2809
37,2810
2,2811
9,2812
29,2813
37,2814
9,2815
29,2816
2,2817
9,2818
29,2819
28,2820
2,2821
28,2822
37,2823
37,2824
28,2825
28,2826
28,2827
9,2828
9,2829
29,2830
2,2831
9,2832
28,2833
9,2834
37,2835
39,2836
39,2837
23,2838
23,2839
3,2840
16,2841
39,2842
16,2843
39,2844
23,2845
24,2846
0,2847
21,2848
21,2849
24,2850
0,2851
24,2852
21,2853
0,2854
0,2855
0,2856
0,2857
24,2858
24,2859
0,2860
24,2861
21,2862
24,2863
24,2864
24,2865
26,2866
10,2867
5,2868
5,2869
36,2870
13,2871
27,2872
1,2873
27,2874
31,2875
8,2876
18,2877
18,2878
18,2879
18,2880
25,2881
35,2882
35,2883
20,2884
33,2885
25,2886
20,2887
25,2888
20,2889
25,2890
25,2891
20,2892
25,2893
35,2894
34,2895
6,2896
14,2897
6,2898
15,2899
15,2900
22,2901
22,2902
15,2903
19,2904
17,2905
19,2906
15,2907
22,2908
6,2909
11,2910
6,2911
11,2912
22,2913
15,2914
22,2915
17,2916
19,2917
15,2918
22,2919
15,2920
6,2921
11,2922
19,2923
14,2924
17,2925
17,2926
19,2927
11,2928
6,2929
19,2930
22,2931
19,2932
15,2933
22,2934
15,2935
19,2936
11,2937
19,2938
15,2939
19,2940
11,2941
6,2942
14,2943
14,2944
15,2945
22,2946
6,2947
17,2948
6,2949
11,2950
22,2951
14,2952
6,2953
14,2954
17,2955
15,2956
6,2957
11,2958
19,2959
6,2960
14,2961
6,2962
11,2963
22,2964
15,2965
22,2966
15,2967
11,2968
15,2969
22,2970
6,2971
17,2972
17,2973
14,2974
11,2975
11,2976
22,2977
15,2978
14,2979
15,2980
19,2981
6,2982
19,2983
6,2984
15,2985
19,2986
6,2987
22,2988
17,2989
22,2990
15,2991
19,2992
19,2993
22,2994
19,2995
22,2996
17,2997
17,2998
19,2999
15,3000
14,3001
19,3002
11,3003
14,3004
15,3005
15,3006
22,3007
15,3008
15,3009
15,3010
6,3011
17,3012
15,3013
19,3014
22,3015
0,3016
0,3017
1,3018
7,3019
8,3020
18,3021
18,3022
2,3023
37,3024
2,3025
2,3026
29,3027
3,3028
16,3029
16,3030
4,3031
18,3032
4,3033
18,3034
4,3035
4,3036
4,3037
18,3038
30,3039
4,3040
30,3041
30,3042
30,3043
30,3044
4,3045
18,3046
25,3047
20,3048
25,3049
25,3050
35,3051
35,3052
20,3053
33,3054
33,3055
20,3056
0,3057
21,3058
0,3059
1,3060
32,3061
2,3062
29,3063
29,3064
3,3065
3,3066
23,3067
16,3068
4,3069
18,3070
25,3071
35,3072
25,3073
20,3074
33,3075
35,3076
33,3077
35,3078
34,3079
12,3080
12,3081
12,3082
12,3083
34,3084
12,3085
12,3086
12,3087
34,3088
12,3089
12,3090
34,3091
12,3092
12,3093
34,3094
12,3095
12,3096
34,3097
6,3098
11,3099
22,3100
17,3101
14,3102
15,3103
6,3104
6,3105
11,3106
14,3107
22,3108
17,3109
14,3110
6,3111
17,3112
6,3113
14,3114
22,3115
22,3116
22,3117
6,3118
14,3119
19,3120
11,3121
6,3122
19,3123
15,3124
15,3125
11,3126
6,3127
14,3128
15,3129
22,3130
19,3131
11,3132
14,3133
11,3134
14,3135
6,3136
11,3137
17,3138
22,3139
15,3140
11,3141
17,3142
37,3143
37,3144
39,3145
3,3146
23,3147
24,3148
24,3149
26,3150
10,3151
10,3152
38,3153
10,3154
5,3155
36,3156
13,3157
27,3158
7,3159
27,3160
8,3161
1,3162
31,3163
31,3164
8,3165
18,3166
25,3167
35,3168
35,3169
25,3170
20,3171
25,3172
35,3173
20,3174
33,3175
35,3176
35,3177
35,3178
25,3179
20,3180
35,3181
20,3182
0,3183
0,3184
24,3185
1,3186
31,3187
31,3188
2,3189
37,3190
2,3191
3,3192
39,3193
16,3194
3,3195
3,3196
23,3197
4,3198
18,3199
18,3200
18,3201
4,3202
18,3203
4,3204
30,3205
18,3206
18,3207
18,3208
4,3209
30,3210
30,3211
4,3212
18,3213
4,3214
30,3215
18,3216
4,3217
18,3218
18,3219
25,3220
35,3221
35,3222
35,3223
25,3224
25,3225
25,3226
35,3227
33,3228
35,3229
20,3230
20,3231
25,3232
20,3233
33,3234
20,3235
33,3236
35,3237
25,3238
20,3239
35,3240
0,3241
24,3242
24,3243
1,3244
32,3245
2,3246
2,3247
3,3248
23,3249
4,3250
18,3251
18,3252
18,3253
25,3254
25,3255
33,3256
25,3257
33,3258
20,3259
20,3260
20,3261
25,3262
35,3263
25,3264
33,3265
20,3266
35,3267
34,3268
34,3269
12,3270
34,3271
12,3272
12,3273
34,3274
34,3275
34,3276
6,3277
15,3278
22,3279
17,3280
37,3281
29,3282
37,3283
2,3284
2,3285
2,3286
29,3287
2,3288
9,3289
28,3290
29,3291
29,3292
37,3293
37,3294
29,3295
28,3296
28,3297
2,3298
2,3299
37,3300
37,3301
29,3302
9,3303
28,3304
29,3305
9,3306
37,3307
37,3308
28,3309
29,3310
28,3311
29,3312
9,3313
2,3314
2,3315
9,3316
29,3317
9,3318
29,3319
37,3320
37,3321
37,3322
37,3323
9,3324
29,3325
2,3326
37,3327
28,3328
37,3329
29,3330
29,3331
28,3332
37,3333
9,3334
2,3335
29,3336
37,3337
29,3338
9,3339
29,3340
37,3341
37,3342
29,3343
29,3344
29,3345
28,3346
2,3347
37,3348
29,3349
0,3350
24,3351
24,3352
0,3353
24,3354
26,3355
1,3356
1,3357
27,3358
2,3359
9,3360
37,3361
3,3362
39,3363
4,3364
30,3365
4,3366
30,3367
4,3368
30,3369
18,3370
25,3371
20,3372
33,3373
20,3374
20,3375
35,3376
35,3377
34,3378
6,3379
17,3380
37,3381
39,3382
23,3383
39,3384
39,3385
3,3386
23,3387
24,3388
24,3389
24,3390
0,3391
0,3392
24,3393
0,3394
24,3395
0,3396
0,3397
24,3398
26,3399
1,3400
7,3401
2,3402
2,3403
29,3404
28,3405
37,3406
3,3407
16,3408
4,3409
30,3410
4,3411
18,3412
4,3413
4,3414
18,3415
25,3416
33,3417
20,3418
25,3419
33,3420
20,3421
20,3422
25,3423
35,3424
34,3425
6,3426
17,3427
37,3428
2,3429
9,3430
29,3431
28,3432
37,3433
2,3434
29,3435
29,3436
2,3437
29,3438
28,3439
2,3440
9,3441
29,3442
9,3443
2,3444
2,3445
28,3446
37,3447
9,3448
29,3449
37,3450
37,3451
2,3452
29,3453
37,3454
2,3455
37,3456
2,3457
9,3458
28,3459
9,3460
37,3461
29,3462
28,3463
9,3464
9,3465
37,3466
28,3467
2,3468
29,3469
9,3470
2,3471
9,3472
37,3473
2,3474
9,3475
9,3476
28,3477
2,3478
9,3479
29,3480
9,3481
28,3482
28,3483
2,3484
29,3485
37,3486
9,3487
9,3488
2,3489
2,3490
37,3491
2,3492
37,3493
9,3494
2,3495
9,3496
29,3497
9,3498
29,3499
28,3500
2,3501
9,3502
2,3503
28,3504
9,3505
29,3506
29,3507
9,3508
9,3509
28,3510
2,3511
37,3512
9,3513
28,3514
2,3515
29,3516
2,3517
28,3518
37,3519
29,3520
28,3521
37,3522
9,3523
29,3524
28,3525
37,3526
29,3527
29,3528
2,3529
2,3530
37,3531
0,3532
21,3533
0,3534
1,3535
8,3536
2,3537
2,3538
29,3539
2,3540
3,3541
3,3542
4,3543
30,3544
4,3545
18,3546
18,3547
18,3548
30,3549
30,3550
30,3551
30,3552
18,3553
18,3554
25,3555
20,3556
20,3557
33,3558
20,3559
33,3560
35,3561
35,3562
34,3563
34,3564
6,3565
22,3566
6,3567
15,3568
22,3569
19,3570
14,3571
19,3572
19,3573
15,3574
6,3575
11,3576
15,3577
17,3578
11,3579
19,3580
22,3581
17,3582
37,3583
9,3584
29,3585
2,3586
29,3587
29,3588
37,3589
39,3590
16,3591
16,3592
3,3593
16,3594
16,3595
23,3596
3,3597
23,3598
3,3599
0,3600
21,3601
1,3602
27,3603
2,3604
37,3605
3,3606
3,3607
4,3608
4,3609
18,3610
4,3611
30,3612
18,3613
4,3614
30,3615
30,3616
4,3617
18,3618
18,3619
18,3620
18,3621
25,3622
33,3623
25,3624
25,3625
25,3626
35,3627
34,3628
6,3629
11,3630
14,3631
15,3632
19,3633
17,3634
17,3635
22,3636
11,3637
6,3638
19,3639
15,3640
11,3641
19,3642
19,3643
14,3644
22,3645
6,3646
22,3647
11,3648
17,3649
15,3650
15,3651
11,3652
6,3653
17,3654
14,3655
17,3656
37,3657
29,3658
37,3659
39,3660
3,3661
39,3662
3,3663
3,3664
3,3665
16,3666
39,3667
39,3668
16,3669
5,3670
38,3671
6,3672
17,3673
19,3674
7,3675
7,3676
31,3677
8,3678
8,3679
18,3680
4,3681
9,3682
9,3683
28,3684
29,3685
37,3686
2,3687
29,3688
37,3689
2,3690
37,3691
9,3692
29,3693
37,3694
9,3695
9,3696
9,3697
9,3698
9,3699
29,3700
29,3701
2,3702
28,3703
28,3704
29,3705
37,3706
29,3707
37,3708
28,3709
28,3710
9,3711
37,3712
29,3713
29,3714
28,3715
9,3716
29,3717
37,3718
39,3719
16,3720
3,3721
3,3722
16,3723
23,3724
3,3725
16,3726
3,3727
3,3728
3,3729
23,3730
16,3731
23,3732
24,3733
26,3734
26,3735
5,3736
36,3737
36,3738
36,3739
36,3740
36,3741
36,3742
36,3743
13,3744
13,3745
36,3746
36,3747
13,3748
13,3749
13,3750
36,3751
13,3752
13,3753
36,3754
36,3755
36,3756
36,3757
13,3758
36,3759
13,3760
13,3761
36,3762
36,3763
36,3764
13,3765
13,3766
27,3767
7,3768
7,3769
1,3770
8,3771
32,3772
8,3773
8,3774
31,3775
7,3776
7,3777
7,3778
1,3779
32,3780
31,3781
32,3782
32,3783
7,3784
1,3785
1,3786
8,3787
31,3788
31,3789
8,3790
18,3791
18,3792
30,3793
18,3794
25,3795
33,3796
25,3797
20,3798
25,3799
20,3800
20,3801
33,3802
25,3803
35,3804
33,3805
25,3806
33,3807
25,3808
35,3809
25,3810
25,3811
35,3812
35,3813
33,3814
35,3815
33,3816
25,3817
35,3818
25,3819
25,3820
33,3821
35,3822
33,3823
35,3824
25,3825
33,3826
20,3827
33,3828
33,3829
25,3830
25,3831
33,3832
35,3833
20,3834
35,3835
34,3836
6,3837
11,3838
14,3839
15,3840
15,3841
22,3842
17,3843
22,3844
6,3845
19,3846
17,3847
6,3848
19,3849
11,3850
14,3851
6,3852
19,3853
15,3854
11,3855
22,3856
15,3857
14,3858
19,3859
6,3860
6,3861
14,3862
11,3863
19,3864
17,3865
11,3866
17,3867
0,3868
21,3869
21,3870
1,3871
7,3872
2,3873
28,3874
3,3875
23,3876
3,3877
4,3878
30,3879
18,3880
18,3881
18,3882
18,3883
18,3884
18,3885
25,3886
33,3887
20,3888
25,3889
33,3890
35,3891
35,3892
20,3893
33,3894
20,3895
33,3896
20,3897
20,3898
20,3899
35,3900
35,3901
25,3902
35,3903
33,3904
25,3905
25,3906
33,3907
25,3908
20,3909
35,3910
20,3911
33,3912
33,3913
20,3914
20,3915
25,3916
20,3917
35,3918
35,3919
25,3920
25,3921
20,3922
20,3923
25,3924
33,3925
33,3926
35,3927
25,3928
20,3929
20,3930
35,3931
25,3932
25,3933
35,3934
35,3935
34,3936
34,3937
6,3938
6,3939
6,3940
14,3941
15,3942
17,3943
11,3944
15,3945
6,3946
19,3947
17,3948
37,3949
2,3950
2,3951
37,3952
39,3953
3,3954
39,3955
3,3956
23,3957
39,3958
0,3959
0,3960
1,3961
31,3962
27,3963
27,3964
31,3965
8,3966
2,3967
37,3968
3,3969
3,3970
16,3971
4,3972
30,3973
30,3974
18,3975
4,3976
18,3977
25,3978
33,3979
25,3980
20,3981
20,3982
33,3983
35,3984
35,3985
20,3986
20,3987
20,3988
20,3989
35,3990
35,3991
34,3992
6,3993
5,3994
38,3995
6,3996
19,3997
6,3998
7,3999
27,4000
8,4001
32,4002
31,4003
7,4004
8,4005
32,4006
1,4007
31,4008
31,4009
9,4010
29,4011
37,4012
9,4013
29,4014
28,4015
28,4016
29,4017
2,4018
28,4019
37,4020
39,4021
39,4022
5,4023
10,4024
38,4025
10,4026
26,4027
26,4028
38,4029
6,4030
22,4031
7,4032
27,4033
7,4034
8,4035
27,4036
31,4037
1,4038
9,4039
28,4040
2,4041
28,4042
37,4043
2,4044
0,4045
0,4046
1,4047
31,4048
7,4049
2,4050
29,4051
2,4052
3,4053
23,4054
4,4055
30,4056
30,4057
4,4058
18,4059
30,4060
4,4061
30,4062
18,4063
25,4064
33,4065
33,4066
25,4067
25,4068
35,4069
35,4070
35,4071
34,4072
12,4073
12,4074
12,4075
34,4076
6,4077
6,4078
11,4079
6,4080
15,4081
17,4082
14,4083
15,4084
6,4085
22,4086
17,4087
6,4088
6,4089
14,4090
6,4091
11,4092
15,4093
19,4094
11,4095
17,4096
22,4097
17,4098
17,4099
19,4100
11,4101
17,4102
19,4103
19,4104
15,4105
19,4106
11,4107
6,4108
11,4109
17,4110
17,4111
37,4112
2,4113
37,4114
2,4115
37,4116
9,4117
9,4118
2,4119
37,4120
2,4121
9,4122
29,4123
9,4124
37,4125
29,4126
29,4127
29,4128
2,4129
2,4130
2,4131
9,4132
37,4133
39,4134
16,4135
3,4136
3,4137
39,4138
3,4139
3,4140
23,4141
16,4142
23,4143
24,4144
24,4145
24,4146
21,4147
0,4148
0,4149
21,4150
24,4151
21,4152
21,4153
21,4154
0,4155
24,4156
24,4157
26,4158
10,4159
26,4160
38,4161
10,4162
38,4163
10,4164
26,4165
38,4166
10,4167
5,4168
38,4169
38,4170
26,4171
26,4172
26,4173
5,4174
10,4175
5,4176
36,4177
36,4178
13,4179
27,4180
1,4181
1,4182
32,4183
31,4184
31,4185
8,4186
32,4187
7,4188
7,4189
31,4190
32,4191
27,4192
32,4193
32,4194
1,4195
1,4196
1,4197
1,4198
32,4199
8,4200
32,4201
7,4202
7,4203
31,4204
27,4205
8,4206
1,4207
31,4208
31,4209
7,4210
27,4211
27,4212
32,4213
27,4214
7,4215
27,4216
32,4217
1,4218
27,4219
32,4220
8,4221
31,4222
1,4223
31,4224
7,4225
31,4226
1,4227
27,4228
27,4229
7,4230
1,4231
7,4232
7,4233
32,4234
31,4235
31,4236
31,4237
32,4238
8,4239
5,4240
38,4241
6,4242
15,4243
7,4244
1,4245
31,4246
31,4247
31,4248
32,4249
31,4250
8,4251
27,4252
8,4253
32,4254
9,4255
9,4256
9,4257
28,4258
2,4259
29,4260
2,4261
2,4262
2,4263
2,4264
2,4265
37,4266
2,4267
29,4268
29,4269
29,4270
2,4271
37,4272
2,4273
2,4274
29,4275
29,4276
2,4277
29,4278
28,4279
2,4280
28,4281
2,4282
28,4283
29,4284
9,4285
9,4286
9,4287
29,4288
9,4289
9,4290
2,4291
9,4292
29,4293
37,4294
29,4295
9,4296
2,4297
9,4298
29,4299
28,4300
2,4301
29,4302
28,4303
37,4304
39,4305
39,4306
16,4307
5,4308
38,4309
6,4310
17,4311
7,4312
7,4313
8,4314
27,4315
9,4316
29,4317
9,4318
9,4319
29,4320
28,4321
37,4322
28,4323
2,4324
29,4325
2,4326
28,4327
28,4328
29,4329
29,4330
28,4331
29,4332
2,4333
9,4334
2,4335
2,4336
2,4337
28,4338
28,4339
28,4340
29,4341
28,4342
37,4343
2,4344
29,4345
2,4346
37,4347
28,4348
9,4349
29,4350
2,4351
37,4352
39,4353
16,4354
23,4355
24,4356
0,4357
0,4358
21,4359
0,4360
24,4361
0,4362
24,4363
24,4364
0,4365
0,4366
24,4367
24,4368
26,4369
26,4370
38,4371
10,4372
10,4373
38,4374
38,4375
10,4376
5,4377
36,4378
13,4379
27,4380
31,4381
1,4382
7,4383
8,4384
32,4385
1,4386
32,4387
31,4388
27,4389
7,4390
31,4391
27,4392
8,4393
18,4394
18,4395
18,4396
25,4397
35,4398
34,4399
12,4400
34,4401
6,4402
22,4403
17,4404
17,4405
6,4406
11,4407
14,4408
6,4409
14,4410
17,4411
22,4412
22,4413
11,4414
6,4415
14,4416
15,4417
17,4418
17,4419
14,4420
22,4421
17,4422
19,4423
15,4424
17,4425
37,4426
37,4427
37,4428
28,4429
29,4430
9,4431
29,4432
37,4433
29,4434
37,4435
2,4436
37,4437
9,4438
28,4439
29,4440
37,4441
2,4442
2,4443
2,4444
28,4445
28,4446
28,4447
28,4448
29,4449
29,4450
2,4451
9,4452
28,4453
28,4454
29,4455
9,4456
37,4457
2,4458
29,4459
2,4460
28,4461
2,4462
9,4463
37,4464
9,4465
29,4466
37,4467
28,4468
37,4469
37,4470
39,4471
3,4472
23,4473
3,4474
23,4475
3,4476
3,4477
16,4478
39,4479
16,4480
39,4481
23,4482
39,4483
16,4484
16,4485
39,4486
39,4487
16,4488
23,4489
39,4490
16,4491
3,4492
39,4493
39,4494
39,4495
23,4496
3,4497
3,4498
39,4499
39,4500
23,4501
24,4502
21,4503
21,4504
24,4505
26,4506
38,4507
38,4508
26,4509
5,4510
10,4511
10,4512
26,4513
5,4514
5,4515
26,4516
5,4517
10,4518
5,4519
26,4520
26,4521
38,4522
26,4523
26,4524
26,4525
38,4526
38,4527
38,4528
5,4529
26,4530
10,4531
26,4532
38,4533
10,4534
10,4535
26,4536
38,4537
26,4538
38,4539
5,4540
26,4541
10,4542
38,4543
10,4544
38,4545
26,4546
38,4547
5,4548
36,4549
36,4550
36,4551
13,4552
27,4553
32,4554
32,4555
7,4556
27,4557
8,4558
32,4559
32,4560
27,4561
1,4562
1,4563
27,4564
27,4565
31,4566
32,4567
7,4568
27,4569
32,4570
32,4571
27,4572
1,4573
8,4574
18,4575
4,4576
18,4577
4,4578
30,4579
30,4580
4,4581
4,4582
18,4583
4,4584
18,4585
30,4586
4,4587
18,4588
30,4589
18,4590
25,4591
33,4592
35,4593
25,4594
20,4595
20,4596
20,4597
20,4598
25,4599
35,4600
34,4601
34,4602
34,4603
12,4604
12,4605
12,4606
34,4607
6,4608
22,4609
0,4610
24,4611
1,4612
31,4613
2,4614
37,4615
3,4616
16,4617
4,4618
30,4619
30,4620
0,4621
0,4622
1,4623
1,4624
2,4625
28,4626
3,4627
3,4628
4,4629
30,4630
18,4631
4,4632
30,4633
4,4634
30,4635
30,4636
18,4637
30,4638
30,4639
18,4640
4,4641
4,4642
30,4643
30,4644
18,4645
25,4646
35,4647
33,4648
35,4649
25,4650
33,4651
5,4652
10,4653
6,4654
11,4655
6,4656
7,4657
1,4658
8,4659
27,4660
27,4661
9,4662
28,4663
29,4664
37,4665
37,4666
2,4667
37,4668
29,4669
28,4670
9,4671
9,4672
2,4673
2,4674
29,4675
37,4676
28,4677
29,4678
28,4679
37,4680
9,4681
29,4682
37,4683
2,4684
28,4685
28,4686
37,4687
39,4688
16,4689
3,4690
39,4691
39,4692
23,4693
23,4694
3,4695
3,4696
3,4697
23,4698
39,4699
3,4700
3,4701
5,4702
26,4703
6,4704
11,4705
6,4706
7,4707
31,4708
31,4709
8,4710
31,4711
9,4712
29,4713
28,4714
9,4715
29,4716
2,4717
37,4718
37,4719
2,4720
28,4721
29,4722
9,4723
9,4724
29,4725
2,4726
29,4727
29,4728
28,4729
37,4730
28,4731
37,4732
37,4733
37,4734
28,4735
28,4736
37,4737
28,4738
5,4739
36,4740
6,4741
15,4742
19,4743
19,4744
22,4745
17,4746
11,4747
6,4748
7,4749
7,4750
8,4751
8,4752
32,4753
32,4754
9,4755
29,4756
9,4757
2,4758
29,4759
28,4760
28,4761
9,4762
2,4763
2,4764
9,4765
9,4766
29,4767
29,4768
28,4769
2,4770
37,4771
37,4772
9,4773
29,4774
37,4775
28,4776
2,4777
37,4778
39,4779
16,4780
39,4781
39,4782
39,4783
39,4784
23,4785
3,4786
16,4787
39,4788
16,4789
23,4790
3,4791
3,4792
3,4793
39,4794
23,4795
16,4796
16,4797
23,4798
39,4799
23,4800
39,4801
39,4802
16,4803
3,4804
16,4805
23,4806
39,4807
39,4808
39,4809
3,4810
39,4811
39,4812
23,4813
24,4814
26,4815
26,4816
10,4817
38,4818
26,4819
26,4820
5,4821
36,4822
36,4823
13,4824
36,4825
13,4826
36,4827
13,4828
27,4829
27,4830
32,4831
8,4832
8,4833
8,4834
7,4835
7,4836
7,4837
32,4838
32,4839
27,4840
32,4841
27,4842
8,4843
27,4844
32,4845
27,4846
31,4847
7,4848
31,4849
32,4850
1,4851
7,4852
31,4853
31,4854
8,4855
7,4856
31,4857
1,4858
1,4859
7,4860
31,4861
31,4862
7,4863
31,4864
1,4865
8,4866
5,4867
26,4868
6,4869
22,4870
7,4871
31,4872
8,4873
1,4874
9,4875
37,4876
0,4877
0,4878
21,4879
0,4880
21,4881
21,4882
1,4883
7,4884
2,4885
28,4886
2,4887
3,4888
39,4889
4,4890
18,4891
25,4892
35,4893
35,4894
20,4895
25,4896
33,4897
33,4898
33,4899
20,4900
25,4901
33,4902
5,4903
36,4904
36,4905
6,4906
6,4907
14,4908
7,4909
32,4910
8,4911
32,4912
32,4913
31,4914
9,4915
29,4916
9,4917
29,4918
9,4919
29,4920
37,4921
37,4922
9,4923
37,4924
9,4925
29,4926
28,4927
9,4928
37,4929
37,4930
28,4931
37,4932
39,4933
16,4934
3,4935
3,4936
5,4937
38,4938
10,4939
26,4940
6,4941
11,4942
7,4943
7,4944
8,4945
27,4946
27,4947
32,4948
9,4949
28,4950
2,4951
29,4952
29,4953
37,4954
29,4955
28,4956
29,4957
29,4958
2,4959
37,4960
37,4961
28,4962
9,4963
28,4964
29,4965
37,4966
28,4967
29,4968
37,4969
39,4970
39,4971
16,4972
23,4973
3,4974
3,4975
3,4976
23,4977
16,4978
23,4979
24,4980
26,4981
10,4982
5,4983
10,4984
5,4985
38,4986
26,4987
10,4988
5,4989
36,4990
13,4991
13,4992
27,4993
1,4994
1,4995
32,4996
8,4997
1,4998
7,4999
27,5000
32,5001
7,5002
7,5003
8,5004
7,5005
31,5006
27,5007
8,5008
31,5009
32,5010
32,5011
7,5012
27,5013
8,5014
31,5015
27,5016
8,5017
27,5018
27,5019
31,5020
1,5021
0,5022
0,5023
0,5024
1,5025
8,5026
27,5027
7,5028
1,5029
2,5030
9,5031
29,5032
9,5033
3,5034
3,5035
3,5036
4,5037
4,5038
18,5039
4,5040
4,5041
18,5042
18,5043
4,5044
30,5045
18,5046
4,5047
4,5048
4,5049
5,5050
10,5051
26,5052
6,5053
15,5054
19,5055
17,5056
11,5057
6,5058
19,5059
7,5060
1,5061
8,5062
8,5063
18,5064
18,5065
9,5066
9,5067
2,5068
2,5069
29,5070
28,5071
28,5072
28,5073
37,5074
28,5075
29,5076
2,5077
9,5078
37,5079
37,5080
39,5081
16,5082
16,5083
39,5084
39,5085
3,5086
3,5087
3,5088
23,5089
23,5090
24,5091
21,5092
0,5093
0,5094
24,5095
21,5096
21,5097
21,5098
21,5099
21,5100
21,5101
24,5102
26,5103
5,5104
26,5105
26,5106
26,5107
5,5108
10,5109
5,5110
10,5111
10,5112
10,5113
26,5114
10,5115
10,5116
5,5117
26,5118
10,5119
26,5120
26,5121
5,5122
36,5123
13,5124
36,5125
36,5126
5,5127
5,5128
10,5129
5,5130
6,5131
15,5132
7,5133
1,5134
8,5135
8,5136
27,5137
9,5138
37,5139
29,5140
28,5141
37,5142
39,5143
39,5144
39,5145
16,5146
16,5147
23,5148
23,5149
39,5150
39,5151
3,5152
3,5153
16,5154
39,5155
3,5156
23,5157
23,5158
23,5159
24,5160
26,5161
5,5162
38,5163
10,5164
5,5165
36,5166
13,5167
27,5168
1,5169
8,5170
7,5171
1,5172
27,5173
27,5174
32,5175
32,5176
27,5177
1,5178
7,5179
32,5180
1,5181
1,5182
1,5183
7,5184
31,5185
31,5186
27,5187
1,5188
7,5189
7,5190
31,5191
32,5192
8,5193
31,5194
27,5195
31,5196
27,5197
1,5198
8,5199
27,5200
32,5201
32,5202
7,5203
8,5204
31,5205
27,5206
27,5207
8,5208
7,5209
31,5210
8,5211
1,5212
7,5213
1,5214
7,5215
1,5216
31,5217
8,5218
8,5219
1,5220
32,5221
8,5222
32,5223
27,5224
27,5225
8,5226
1,5227
31,5228
27,5229
1,5230
27,5231
7,5232
27,5233
7,5234
7,5235
1,5236
27,5237
1,5238
8,5239
18,5240
18,5241
25,5242
35,5243
34,5244
6,5245
11,5246
17,5247
15,5248
22,5249
22,5250
15,5251
6,5252
14,5253
6,5254
14,5255
11,5256
14,5257
11,5258
11,5259
22,5260
6,5261
6,5262
22,5263
14,5264
6,5265
11,5266
22,5267
15,5268
11,5269
15,5270
19,5271
6,5272
19,5273
14,5274
15,5275
22,5276
11,5277
22,5278
14,5279
22,5280
15,5281
11,5282
14,5283
22,5284
22,5285
19,5286
15,5287
14,5288
19,5289
22,5290
6,5291
11,5292
17,5293
15,5294
6,5295
14,5296
15,5297
14,5298
17,5299
37,5300
9,5301
9,5302
37,5303
37,5304
28,5305
9,5306
28,5307
37,5308
37,5309
28,5310
2,5311
29,5312
28,5313
37,5314
2,5315
2,5316
2,5317
28,5318
2,5319
29,5320
2,5321
29,5322
9,5323
28,5324
28,5325
37,5326
29,5327
29,5328
9,5329
28,5330
37,5331
28,5332
28,5333
28,5334
2,5335
9,5336
2,5337
29,5338
37,5339
28,5340
9,5341
28,5342
29,5343
29,5344
2,5345
9,5346
28,5347
37,5348
28,5349
37,5350
28,5351
29,5352
29,5353
37,5354
39,5355
0,5356
24,5357
21,5358
1,5359
27,5360
8,5361
2,5362
28,5363
3,5364
16,5365
3,5366
23,5367
39,5368
4,5369
18,5370
18,5371
25,5372
20,5373
20,5374
35,5375
33,5376
33,5377
33,5378
20,5379
20,5380
35,5381
20,5382
33,5383
35,5384
34,5385
12,5386
12,5387
34,5388
12,5389
34,5390
34,5391
34,5392
6,5393
5,5394
36,5395
36,5396
6,5397
11,5398
7,5399
1,5400
27,5401
8,5402
31,5403
32,5404
7,5405
31,5406
9,5407
37,5408
9,5409
29,5410
28,5411
37,5412
29,5413
2,5414
9,5415
2,5416
28,5417
28,5418
29,5419
29,5420
5,5421
38,5422
10,5423
6,5424
11,5425
7,5426
1,5427
31,5428
1,5429
27,5430
8,5431
27,5432
9,5433
2,5434
2,5435
28,5436
29,5437
2,5438
37,5439
9,5440
9,5441
37,5442
9,5443
29,5444
37,5445
9,5446
28,5447
37,5448
2,5449
9,5450
29,5451
28,5452
2,5453
37,5454
9,5455
37,5456
2,5457
2,5458
9,5459
2,5460
9,5461
2,5462
2,5463
28,5464
28,5465
37,5466
39,5467
23,5468
3,5469
23,5470
39,5471
16,5472
23,5473
39,5474
3,5475
3,5476
0,5477
0,5478
1,5479
27,5480
32,5481
2,5482
28,5483
3,5484
39,5485
16,5486
4,5487
4,5488
18,5489
18,5490
18,5491
18,5492
4,5493
18,5494
30,5495
30,5496
4,5497
18,5498
25,5499
20,5500
25,5501
20,5502
20,5503
25,5504
25,5505
33,5506
33,5507
33,5508
33,5509
25,5510
25,5511
25,5512
33,5513
25,5514
33,5515
20,5516
33,5517
25,5518
20,5519
20,5520
25,5521
35,5522
34,5523
12,5524
12,5525
34,5526
6,5527
14,5528
17,5529
15,5530
15,5531
6,5532
17,5533
15,5534
6,5535
19,5536
15,5537
17,5538
19,5539
6,5540
14,5541
19,5542
19,5543
15,5544
14,5545
15,5546
19,5547
15,5548
6,5549
19,5550
15,5551
22,5552
15,5553
11,5554
17,5555
19,5556
14,5557
15,5558
14,5559
14,5560
6,5561
14,5562
6,5563
22,5564
19,5565
19,5566
6,5567
15,5568
17,5569
11,5570
19,5571
17,5572
19,5573
11,5574
17,5575
15,5576
19,5577
6,5578
14,5579
6,5580
11,5581
17,5582
11,5583
22,5584
15,5585
6,5586
6,5587
11,5588
11,5589
17,5590
14,5591
14,5592
19,5593
19,5594
11,5595
19,5596
22,5597
11,5598
19,5599
17,5600
6,5601
22,5602
14,5603
14,5604
11,5605
15,5606
19,5607
11,5608
22,5609
22,5610
17,5611
37,5612
28,5613
37,5614
39,5615
3,5616
23,5617
16,5618
39,5619
23,5620
24,5621
26,5622
5,5623
5,5624
38,5625
5,5626
38,5627
26,5628
10,5629
10,5630
5,5631
36,5632
36,5633
36,5634
13,5635
13,5636
13,5637
27,5638
8,5639
1,5640
1,5641
31,5642
8,5643
8,5644
27,5645
31,5646
1,5647
1,5648
8,5649
31,5650
8,5651
7,5652
31,5653
8,5654
31,5655
1,5656
27,5657
32,5658
27,5659
7,5660
32,5661
8,5662
18,5663
25,5664
25,5665
25,5666
25,5667
33,5668
20,5669
33,5670
35,5671
20,5672
25,5673
35,5674
33,5675
20,5676
25,5677
35,5678
20,5679
20,5680
35,5681
35,5682
34,5683
6,5684
6,5685
14,5686
14,5687
19,5688
22,5689
11,5690
6,5691
15,5692
19,5693
17,5694
11,5695
22,5696
19,5697
14,5698
15,5699
14,5700
14,5701
19,5702
19,5703
11,5704
15,5705
17,5706
17,5707
15,5708
19,5709
6,5710
22,5711
14,5712
14,5713
11,5714
19,5715
11,5716
14,5717
22,5718
6,5719
11,5720
6,5721
19,5722
19,5723
15,5724
6,5725
15,5726
11,5727
19,5728
6,5729
15,5730
15,5731
6,5732
19,5733
14,5734
17,5735
6,5736
11,5737
19,5738
17,5739
19,5740
14,5741
17,5742
17,5743
11,5744
11,5745
11,5746
22,5747
17,5748
17,5749
15,5750
15,5751
17,5752
5,5753
10,5754
10,5755
5,5756
6,5757
6,5758
7,5759
31,5760
8,5761
32,5762
9,5763
29,5764
37,5765
28,5766
9,5767
28,5768
9,5769
9,5770
37,5771
9,5772
28,5773
5,5774
36,5775
36,5776
6,5777
22,5778
17,5779
11,5780
7,5781
1,5782
27,5783
27,5784
8,5785
8,5786
1,5787
1,5788
8,5789
7,5790
1,5791
9,5792
9,5793
29,5794
29,5795
9,5796
2,5797
29,5798
29,5799
2,5800
28,5801
2,5802
9,5803
37,5804
29,5805
29,5806
2,5807
29,5808
9,5809
2,5810
2,5811
2,5812
9,5813
29,5814
29,5815
37,5816
9,5817
37,5818
37,5819
9,5820
2,5821
2,5822
29,5823
29,5824
2,5825
37,5826
28,5827
37,5828
39,5829
3,5830
3,5831
23,5832
39,5833
39,5834
39,5835
23,5836
39,5837
23,5838
3,5839
3,5840
39,5841
23,5842
3,5843
3,5844
3,5845
3,5846
23,5847
39,5848
23,5849
16,5850
23,5851
24,5852
0,5853
21,5854
24,5855
26,5856
5,5857
36,5858
13,5859
27,5860
31,5861
8,5862
18,5863
30,5864
4,5865
18,5866
30,5867
30,5868
30,5869
18,5870
4,5871
30,5872
30,5873
18,5874
4,5875
18,5876
18,5877
4,5878
4,5879
30,5880
18,5881
18,5882
25,5883
33,5884
33,5885
25,5886
35,5887
34,5888
12,5889
34,5890
12,5891
12,5892
12,5893
12,5894
5,5895
38,5896
6,5897
19,5898
11,5899
7,5900
1,5901
1,5902
8,5903
7,5904
31,5905
8,5906
8,5907
7,5908
9,5909
9,5910
37,5911
28,5912
29,5913
37,5914
2,5915
29,5916
29,5917
28,5918
29,5919
28,5920
29,5921
9,5922
29,5923
29,5924
29,5925
28,5926
9,5927
29,5928
29,5929
9,5930
29,5931
2,5932
28,5933
28,5934
2,5935
9,5936
9,5937
2,5938
28,5939
37,5940
2,5941
37,5942
9,5943
28,5944
37,5945
9,5946
28,5947
2,5948
9,5949
37,5950
39,5951
16,5952
3,5953
16,5954
39,5955
3,5956
23,5957
3,5958
5,5959
38,5960
6,5961
19,5962
15,5963
17,5964
7,5965
7,5966
8,5967
18,5968
9,5969
28,5970
2,5971
28,5972
29,5973
37,5974
28,5975
37,5976
29,5977
37,5978
2,5979
37,5980
37,5981
29,5982
28,5983
2,5984
2,5985
2,5986
29,5987
9,5988
2,5989
9,5990
29,5991
9,5992
28,5993
9,5994
28,5995
9,5996
2,5997
2,5998
9,5999
28,6000
37,6001
5,6002
36,6003
6,6004
14,6005
7,6006
27,6007
8,6008
32,6009
9,6010
28,6011
2,6012
28,6013
29,6014
29,6015
29,6016
29,6017
29,6018
2,6019
2,6020
37,6021
9,6022
37,6023
9,6024
37,6025
28,6026
29,6027
37,6028
2,6029
29,6030
2,6031
9,6032
29,6033
9,6034
2,6035
29,6036
28,6037
37,6038
2,6039
37,6040
2,6041
2,6042
29,6043
28,6044
9,6045
37,6046
39,6047
39,6048
16,6049
3,6050
39,6051
39,6052
3,6053
39,6054
3,6055
39,6056
39,6057
23,6058
16,6059
16,6060
23,6061
24,6062
24,6063
26,6064
10,6065
5,6066
36,6067
36,6068
36,6069
13,6070
13,6071
13,6072
27,6073
31,6074
1,6075
5,6076
38,6077
6,6078
19,6079
11,6080
19,6081
7,6082
8,6083
7,6084
8,6085
8,6086
7,6087
9,6088
37,6089
37,6090
29,6091
28,6092
2,6093
29,6094
37,6095
39,6096
16,6097
3,6098
3,6099
23,6100
16,6101
23,6102
0,6103
24,6104
1,6105
8,6106
32,6107
2,6108
29,6109
28,6110
3,6111
39,6112
4,6113
4,6114
18,6115
25,6116
33,6117
25,6118
33,6119
20,6120
35,6121
20,6122
20,6123
33,6124
25,6125
20,6126
25,6127
35,6128
35,6129
33,6130
35,6131
20,6132
20,6133
35,6134
33,6135
35,6136
25,6137
25,6138
25,6139
25,6140
35,6141
35,6142
35,6143
25,6144
35,6145
34,6146
6,6147
15,6148
11,6149
15,6150
22,6151
6,6152
19,6153
6,6154
15,6155
15,6156
17,6157
14,6158
17,6159
11,6160
22,6161
14,6162
22,6163
19,6164
6,6165
22,6166
19,6167
6,6168
14,6169
17,6170
37,6171
39,6172
3,6173
3,6174
39,6175
3,6176
16,6177
23,6178
23,6179
24,6180
0,6181
21,6182
21,6183
24,6184
26,6185
26,6186
38,6187
10,6188
38,6189
10,6190
5,6191
5,6192
26,6193
38,6194
10,6195
5,6196
36,6197
13,6198
27,6199
27,6200
1,6201
8,6202
18,6203
25,6204
25,6205
35,6206
20,6207
20,6208
33,6209
20,6210
20,6211
25,6212
33,6213
25,6214
35,6215
34,6216
6,6217
19,6218
17,6219
17,6220
22,6221
17,6222
15,6223
22,6224
17,6225
22,6226
11,6227
11,6228
14,6229
17,6230
11,6231
11,6232
6,6233
19,6234
14,6235
6,6236
14,6237
19,6238
15,6239
6,6240
19,6241
22,6242
17,6243
6,6244
17,6245
14,6246
15,6247
22,6248
14,6249
19,6250
11,6251
15,6252
17,6253
15,6254
19,6255
14,6256
17,6257
22,6258
22,6259
19,6260
11,6261
14,6262
15,6263
22,6264
15,6265
19,6266
22,6267
15,6268
11,6269
6,6270
22,6271
15,6272
17,6273
19,6274
11,6275
17,6276
15,6277
17,6278
15,6279
6,6280
19,6281
17,6282
19,6283
19,6284
14,6285
0,6286
21,6287
1,6288
7,6289
27,6290
2,6291
28,6292
29,6293
37,6294
3,6295
16,6296
4,6297
18,6298
18,6299
4,6300
4,6301
18,6302
4,6303
30,6304
30,6305
30,6306
5,6307
38,6308
5,6309
5,6310
26,6311
26,6312
26,6313
6,6314
15,6315
7,6316
27,6317
1,6318
8,6319
27,6320
8,6321
9,6322
9,6323
2,6324
37,6325
29,6326
28,6327
9,6328
2,6329
37,6330
28,6331
9,6332
29,6333
2,6334
2,6335
2,6336
9,6337
2,6338
9,6339
28,6340
28,6341
28,6342
37,6343
39,6344
3,6345
23,6346
39,6347
39,6348
16,6349
39,6350
3,6351
16,6352
16,6353
16,6354
5,6355
36,6356
36,6357
6,6358
6,6359
22,6360
7,6361
8,6362
8,6363
8,6364
32,6365
8,6366
27,6367
31,6368
8,6369
32,6370
9,6371
28,6372
37,6373
28,6374
29,6375
37,6376
29,6377
29,6378
2,6379
2,6380
28,6381
9,6382
29,6383
37,6384
2,6385
37,6386
28,6387
9,6388
9,6389
28,6390
2,6391
9,6392
28,6393
28,6394
29,6395
29,6396
29,6397
37,6398
0,6399
0,6400
1,6401
8,6402
1,6403
2,6404
2,6405
2,6406
37,6407
9,6408
3,6409
16,6410
4,6411
18,6412
25,6413
20,6414
25,6415
20,6416
25,6417
25,6418
20,6419
33,6420
25,6421
35,6422
25,6423
25,6424
25,6425
25,6426
35,6427
34,6428
12,6429
12,6430
12,6431
34,6432
6,6433
22,6434
15,6435
22,6436
22,6437
22,6438
14,6439
17,6440
22,6441
11,6442
14,6443
22,6444
11,6445
15,6446
17,6447
14,6448
22,6449
19,6450
19,6451
14,6452
6,6453
19,6454
17,6455
22,6456
15,6457
14,6458
0,6459
24,6460
1,6461
31,6462
32,6463
27,6464
2,6465
9,6466
3,6467
3,6468
4,6469
4,6470
4,6471
4,6472
18,6473
25,6474
20,6475
25,6476
20,6477
35,6478
25,6479
20,6480
33,6481
35,6482
20,6483
25,6484
25,6485
33,6486
25,6487
33,6488
35,6489
34,6490
12,6491
34,6492
6,6493
22,6494
6,6495
14,6496
6,6497
11,6498
14,6499
6,6500
19,6501
11,6502
17,6503
37,6504
2,6505
9,6506
9,6507
37,6508
29,6509
37,6510
9,6511
29,6512
9,6513
37,6514
9,6515
28,6516
2,6517
9,6518
9,6519
28,6520
37,6521
37,6522
2,6523
29,6524
29,6525
37,6526
28,6527
9,6528
28,6529
29,6530
2,6531
2,6532
28,6533
28,6534
9,6535
29,6536
37,6537
29,6538
29,6539
28,6540
29,6541
9,6542
9,6543
28,6544
9,6545
2,6546
29,6547
37,6548
39,6549
23,6550
24,6551
24,6552
24,6553
0,6554
0,6555
21,6556
24,6557
21,6558
21,6559
0,6560
24,6561
24,6562
24,6563
0,6564
0,6565
24,6566
24,6567
24,6568
26,6569
38,6570
5,6571
36,6572
13,6573
13,6574
27,6575
1,6576
8,6577
7,6578
31,6579
27,6580
27,6581
8,6582
27,6583
8,6584
8,6585
18,6586
4,6587
4,6588
18,6589
4,6590
18,6591
25,6592
25,6593
35,6594
25,6595
25,6596
35,6597
34,6598
6,6599
6,6600
17,6601
37,6602
29,6603
37,6604
29,6605
29,6606
9,6607
29,6608
29,6609
2,6610
9,6611
29,6612
9,6613
37,6614
28,6615
2,6616
2,6617
37,6618
39,6619
16,6620
16,6621
39,6622
3,6623
39,6624
3,6625
16,6626
3,6627
3,6628
16,6629
39,6630
16,6631
39,6632
39,6633
3,6634
16,6635
23,6636
3,6637
39,6638
3,6639
3,6640
3,6641
39,6642
39,6643
23,6644
24,6645
24,6646
24,6647
26,6648
38,6649
38,6650
26,6651
10,6652
38,6653
5,6654
5,6655
10,6656
26,6657
5,6658
10,6659
38,6660
26,6661
5,6662
5,6663
38,6664
5,6665
5,6666
5,6667
38,6668
10,6669
10,6670
38,6671
38,6672
10,6673
5,6674
10,6675
10,6676
26,6677
10,6678
26,6679
5,6680
26,6681
26,6682
38,6683
26,6684
10,6685
38,6686
10,6687
38,6688
38,6689
5,6690
10,6691
38,6692
5,6693
36,6694
36,6695
13,6696
13,6697
27,6698
32,6699
32,6700
27,6701
31,6702
8,6703
18,6704
30,6705
4,6706
30,6707
18,6708
18,6709
4,6710
30,6711
30,6712
30,6713
18,6714
25,6715
35,6716
25,6717
33,6718
33,6719
20,6720
33,6721
35,6722
33,6723
33,6724
20,6725
33,6726
33,6727
35,6728
20,6729
20,6730
20,6731
25,6732
35,6733
25,6734
35,6735
35,6736
35,6737
20,6738
20,6739
35,6740
25,6741
33,6742
35,6743
20,6744
20,6745
35,6746
35,6747
33,6748
35,6749
25,6750
25,6751
35,6752
34,6753
6,6754
19,6755
17,6756
14,6757
11,6758
14,6759
22,6760
11,6761
14,6762
17,6763
14,6764
11,6765
14,6766
22,6767
14,6768
6,6769
15,6770
11,6771
14,6772
22,6773
17,6774
15,6775
19,6776
11,6777
11,6778
22,6779
14,6780
11,6781
17,6782
6,6783
17,6784
22,6785
14,6786
17,6787
15,6788
17,6789
37,6790
2,6791
9,6792
37,6793
28,6794
28,6795
28,6796
37,6797
29,6798
37,6799
39,6800
23,6801
24,6802
26,6803
10,6804
26,6805
38,6806
26,6807
26,6808
5,6809
38,6810
26,6811
26,6812
26,6813
10,6814
5,6815
26,6816
38,6817
38,6818
10,6819
5,6820
5,6821
26,6822
5,6823
36,6824
36,6825
13,6826
27,6827
1,6828
7,6829
8,6830
1,6831
7,6832
1,6833
27,6834
1,6835
32,6836
32,6837
31,6838
31,6839
27,6840
32,6841
31,6842
32,6843
1,6844
1,6845
8,6846
1,6847
1,6848
27,6849
8,6850
1,6851
8,6852
27,6853
27,6854
31,6855
31,6856
31,6857
7,6858
1,6859
27,6860
32,6861
1,6862
31,6863
32,6864
1,6865
32,6866
7,6867
8,6868
7,6869
31,6870
31,6871
31,6872
1,6873
32,6874
7,6875
7,6876
31,6877
27,6878
1,6879
32,6880
31,6881
27,6882
1,6883
1,6884
8,6885
18,6886
30,6887
18,6888
4,6889
30,6890
4,6891
4,6892
18,6893
4,6894
30,6895
4,6896
4,6897
4,6898
30,6899
30,6900
4,6901
30,6902
18,6903
25,6904
20,6905
33,6906
33,6907
25,6908
20,6909
20,6910
20,6911
20,6912
33,6913
20,6914
25,6915
35,6916
34,6917
34,6918
6,6919
11,6920
6,6921
22,6922
14,6923
15,6924
22,6925
14,6926
22,6927
19,6928
19,6929
22,6930
11,6931
19,6932
15,6933
19,6934
11,6935
11,6936
14,6937
6,6938
15,6939
14,6940
14,6941
11,6942
22,6943
14,6944
19,6945
22,6946
6,6947
22,6948
19,6949
6,6950
11,6951
6,6952
6,6953
22,6954
17,6955
15,6956
11,6957
6,6958
6,6959
22,6960
14,6961
17,6962
6,6963
22,6964
22,6965
19,6966
6,6967
11,6968
6,6969
17,6970
19,6971
15,6972
11,6973
17,6974
37,6975
2,6976
28,6977
9,6978
2,6979
29,6980
28,6981
29,6982
2,6983
37,6984
37,6985
2,6986
2,6987
2,6988
28,6989
29,6990
0,6991
24,6992
1,6993
32,6994
2,6995
28,6996
3,6997
23,6998
16,6999
4,7000
18,7001
30,7002
30,7003
4,7004
4,7005
30,7006
30,7007
4,7008
30,7009
18,7010
30,7011
30,7012
18,7013
18,7014
18,7015
4,7016
18,7017
4,7018
30,7019
4,7020
18,7021
4,7022
4,7023
0,7024
24,7025
1,7026
1,7027
2,7028
2,7029
3,7030
39,7031
4,7032
30,7033
4,7034
18,7035
18,7036
30,7037
18,7038
30,7039
30,7040
30,7041
18,7042
25,7043
35,7044
34,7045
34,7046
34,7047
34,7048
12,7049
34,7050
6,7051
22,7052
22,7053
22,7054
22,7055
15,7056
15,7057
22,7058
15,7059
6,7060
17,7061
14,7062
22,7063
6,7064
19,7065
17,7066
15,7067
11,7068
15,7069
17,7070
14,7071
6,7072
11,7073
17,7074
6,7075
17,7076
14,7077
22,7078
6,7079
11,7080
6,7081
22,7082
22,7083
11,7084
22,7085
6,7086
17,7087
15,7088
15,7089
6,7090
11,7091
22,7092
15,7093
22,7094
17,7095
11,7096
11,7097
11,7098
17,7099
6,7100
11,7101
22,7102
14,7103
19,7104
15,7105
14,7106
22,7107
19,7108
17,7109
15,7110
17,7111
37,7112
39,7113
3,7114
39,7115
3,7116
16,7117
3,7118
3,7119
3,7120
3,7121
16,7122
16,7123
39,7124
16,7125
23,7126
3,7127
39,7128
3,7129
3,7130
23,7131
3,7132
23,7133
23,7134
23,7135
16,7136
3,7137
16,7138
3,7139
23,7140
39,7141
3,7142
3,7143
3,7144
39,7145
3,7146
3,7147
16,7148
16,7149
23,7150
3,7151
16,7152
23,7153
24,7154
0,7155
21,7156
24,7157
21,7158
24,7159
21,7160
0,7161
21,7162
21,7163
24,7164
24,7165
21,7166
24,7167
21,7168
24,7169
24,7170
26,7171
26,7172
10,7173
26,7174
26,7175
5,7176
36,7177
13,7178
27,7179
27,7180
31,7181
7,7182
1,7183
8,7184
8,7185
32,7186
8,7187
27,7188
7,7189
27,7190
8,7191
31,7192
32,7193
8,7194
7,7195
31,7196
27,7197
1,7198
31,7199
8,7200
1,7201
8,7202
7,7203
32,7204
31,7205
1,7206
27,7207
7,7208
27,7209
8,7210
8,7211
8,7212
27,7213
27,7214
8,7215
32,7216
8,7217
31,7218
32,7219
27,7220
8,7221
31,7222
32,7223
31,7224
32,7225
0,7226
21,7227
1,7228
8,7229
2,7230
37,7231
2,7232
9,7233
9,7234
29,7235
3,7236
39,7237
16,7238
3,7239
4,7240
18,7241
4,7242
18,7243
4,7244
4,7245
4,7246
18,7247
25,7248
25,7249
35,7250
35,7251
25,7252
25,7253
33,7254
33,7255
25,7256
20,7257
33,7258
35,7259
33,7260
35,7261
34,7262
34,7263
6,7264
22,7265
17,7266
14,7267
14,7268
17,7269
22,7270
19,7271
17,7272
14,7273
11,7274
6,7275
6,7276
14,7277
17,7278
14,7279
22,7280
11,7281
11,7282
22,7283
6,7284
6,7285
15,7286
11,7287
15,7288
6,7289
11,7290
6,7291
14,7292
22,7293
17,7294
22,7295
17,7296
17,7297
17,7298
15,7299
14,7300
19,7301
17,7302
19,7303
22,7304
19,7305
19,7306
6,7307
11,7308
22,7309
11,7310
14,7311
14,7312
15,7313
6,7314
19,7315
14,7316
19,7317
22,7318
17,7319
22,7320
17,7321
17,7322
22,7323
6,7324
22,7325
15,7326
17,7327
22,7328
17,7329
11,7330
22,7331
17,7332
6,7333
11,7334
22,7335
19,7336
14,7337
17,7338
6,7339
15,7340
17,7341
6,7342
17,7343
15,7344
15,7345
14,7346
22,7347
17,7348
19,7349
17,7350
22,7351
22,7352
6,7353
15,7354
11,7355
6,7356
6,7357
17,7358
17,7359
17,7360
17,7361
14,7362
6,7363
11,7364
11,7365
22,7366
11,7367
14,7368
19,7369
14,7370
15,7371
11,7372
6,7373
14,7374
22,7375
6,7376
22,7377
14,7378
22,7379
14,7380
17,7381
15,7382
15,7383
17,7384
37,7385
29,7386
2,7387
37,7388
28,7389
29,7390
29,7391
9,7392
28,7393
2,7394
5,7395
5,7396
26,7397
6,7398
19,7399
14,7400
14,7401
7,7402
27,7403
8,7404
27,7405
31,7406
9,7407
2,7408
9,7409
2,7410
29,7411
29,7412
28,7413
9,7414
29,7415
37,7416
9,7417
37,7418
29,7419
2,7420
28,7421
5,7422
36,7423
6,7424
22,7425
17,7426
17,7427
6,7428
6,7429
17,7430
7,7431
27,7432
1,7433
8,7434
7,7435
9,7436
9,7437
37,7438
2,7439
2,7440
28,7441
37,7442
2,7443
28,7444
9,7445
37,7446
2,7447
37,7448
39,7449
3,7450
3,7451
39,7452
16,7453
23,7454
3,7455
16,7456
16,7457
16,7458
39,7459
3,7460
23,7461
24,7462
26,7463
38,7464
38,7465
26,7466
10,7467
26,7468
10,7469
26,7470
5,7471
36,7472
36,7473
13,7474
13,7475
36,7476
36,7477
13,7478
27,7479
27,7480
31,7481
31,7482
31,7483
31,7484
31,7485
1,7486
8,7487
7,7488
27,7489
32,7490
1,7491
31,7492
1,7493
27,7494
31,7495
31,7496
32,7497
8,7498
7,7499
7,7500
7,7501
31,7502
32,7503
1,7504
31,7505
1,7506
27,7507
32,7508
32,7509
1,7510
1,7511
31,7512
7,7513
8,7514
7,7515
7,7516
1,7517
1,7518
1,7519
1,7520
27,7521
32,7522
1,7523
27,7524
8,7525
27,7526
27,7527
32,7528
7,7529
31,7530
32,7531
7,7532
31,7533
7,7534
1,7535
8,7536
1,7537
31,7538
31,7539
7,7540
1,7541
27,7542
31,7543
32,7544
32,7545
27,7546
1,7547
1,7548
1,7549
7,7550
31,7551
32,7552
1,7553
1,7554
7,7555
31,7556
27,7557
27,7558
32,7559
1,7560
7,7561
8,7562
8,7563
27,7564
27,7565
31,7566
27,7567
32,7568
1,7569
32,7570
32,7571
8,7572
18,7573
18,7574
25,7575
33,7576
25,7577
33,7578
35,7579
25,7580
25,7581
33,7582
33,7583
33,7584
33,7585
25,7586
20,7587
33,7588
20,7589
33,7590
25,7591
20,7592
33,7593
35,7594
25,7595
20,7596
35,7597
25,7598
33,7599
33,7600
25,7601
35,7602
35,7603
35,7604
34,7605
34,7606
6,7607
6,7608
6,7609
15,7610
11,7611
6,7612
11,7613
14,7614
19,7615
22,7616
19,7617
11,7618
19,7619
15,7620
11,7621
11,7622
15,7623
6,7624
19,7625
11,7626
14,7627
6,7628
6,7629
14,7630
19,7631
17,7632
17,7633
11,7634
17,7635
17,7636
11,7637
19,7638
19,7639
22,7640
14,7641
11,7642
17,7643
17,7644
19,7645
15,7646
17,7647
22,7648
17,7649
15,7650
15,7651
17,7652
19,7653
6,7654
15,7655
17,7656
19,7657
19,7658
15,7659
6,7660
15,7661
11,7662
15,7663
11,7664
19,7665
19,7666
6,7667
6,7668
15,7669
17,7670
22,7671
14,7672
15,7673
22,7674
11,7675
11,7676
6,7677
22,7678
17,7679
37,7680
0,7681
24,7682
1,7683
1,7684
32,7685
2,7686
2,7687
2,7688
3,7689
16,7690
4,7691
30,7692
4,7693
4,7694
30,7695
4,7696
4,7697
30,7698
18,7699
25,7700
35,7701
34,7702
12,7703
34,7704
12,7705
12,7706
34,7707
12,7708
12,7709
34,7710
6,7711
14,7712
17,7713
22,7714
11,7715
15,7716
14,7717
17,7718
37,7719
28,7720
2,7721
9,7722
9,7723
2,7724
29,7725
37,7726
29,7727
2,7728
37,7729
2,7730
2,7731
29,7732
29,7733
37,7734
37,7735
9,7736
9,7737
28,7738
37,7739
28,7740
37,7741
29,7742
9,7743
28,7744
29,7745
2,7746
2,7747
28,7748
9,7749
2,7750
28,7751
29,7752
37,7753
29,7754
29,7755
2,7756
37,7757
29,7758
29,7759
37,7760
9,7761
29,7762
28,7763
9,7764
29,7765
37,7766
2,7767
37,7768
29,7769
2,7770
37,7771
29,7772
28,7773
9,7774
29,7775
2,7776
29,7777
37,7778
9,7779
29,7780
37,7781
9,7782
37,7783
39,7784
23,7785
3,7786
39,7787
23,7788
23,7789
23,7790
39,7791
39,7792
23,7793
0,7794
21,7795
24,7796
0,7797
1,7798
1,7799
27,7800
2,7801
37,7802
29,7803
3,7804
3,7805
16,7806
4,7807
30,7808
18,7809
25,7810
25,7811
33,7812
20,7813
33,7814
35,7815
35,7816
33,7817
33,7818
20,7819
20,7820
33,7821
25,7822
25,7823
20,7824
20,7825
33,7826
25,7827
20,7828
33,7829
20,7830
33,7831
20,7832
25,7833
33,7834
20,7835
33,7836
25,7837
35,7838
33,7839
25,7840
35,7841
20,7842
20,7843
20,7844
25,7845
35,7846
35,7847
25,7848
20,7849
20,7850
33,7851
25,7852
20,7853
25,7854
20,7855
20,7856
20,7857
35,7858
5,7859
5,7860
38,7861
6,7862
15,7863
22,7864
19,7865
14,7866
14,7867
19,7868
22,7869
7,7870
1,7871
27,7872
8,7873
32,7874
9,7875
37,7876
2,7877
9,7878
37,7879
29,7880
2,7881
9,7882
37,7883
2,7884
9,7885
28,7886
29,7887
28,7888
2,7889
2,7890
29,7891
29,7892
2,7893
28,7894
29,7895
29,7896
9,7897
0,7898
0,7899
1,7900
27,7901
27,7902
2,7903
28,7904
3,7905
39,7906
4,7907
4,7908
30,7909
30,7910
30,7911
4,7912
4,7913
18,7914
25,7915
20,7916
33,7917
33,7918
33,7919
35,7920
20,7921
35,7922
33,7923
25,7924
33,7925
25,7926
33,7927
35,7928
33,7929
35,7930
34,7931
12,7932
12,7933
34,7934
6,7935
14,7936
19,7937
19,7938
14,7939
6,7940
17,7941
17,7942
6,7943
14,7944
22,7945
6,7946
17,7947
6,7948
22,7949
15,7950
19,7951
19,7952
5,7953
10,7954
6,7955
11,7956
7,7957
8,7958
1,7959
27,7960
31,7961
27,7962
7,7963
7,7964
8,7965
8,7966
32,7967
31,7968
31,7969
9,7970
2,7971
37,7972
2,7973
37,7974
5,7975
26,7976
26,7977
6,7978
14,7979
7,7980
32,7981
32,7982
1,7983
7,7984
8,7985
32,7986
9,7987
2,7988
28,7989
29,7990
29,7991
0,7992
21,7993
1,7994
8,7995
7,7996
2,7997
9,7998
9,7999
9,8000
3,8001
3,8002
23,8003
4,8004
18,8005
25,8006
35,8007
0,8008
0,8009
24,8010
1,8011
32,8012
2,8013
2,8014
2,8015
28,8016
28,8017
2,8018
3,8019
23,8020
39,8021
3,8022
4,8023
30,8024
30,8025
18,8026
30,8027
30,8028
18,8029
4,8030
30,8031
30,8032
4,8033
4,8034
30,8035
18,8036
25,8037
35,8038
33,8039
20,8040
35,8041
34,8042
12,8043
12,8044
34,8045
12,8046
12,8047
34,8048
12,8049
12,8050
34,8051
6,8052
17,8053
19,8054
14,8055
6,8056
11,8057
15,8058
17,8059
22,8060
19,8061
22,8062
22,8063
11,8064
14,8065
6,8066
6,8067
22,8068
6,8069
0,8070
0,8071
1,8072
27,8073
2,8074
28,8075
28,8076
29,8077
3,8078
16,8079
4,8080
30,8081
4,8082
18,8083
4,8084
30,8085
4,8086
4,8087
4,8088
4,8089
4,8090
4,8091
4,8092
4,8093
4,8094
18,8095
4,8096
30,8097
4,8098
30,8099
18,8100
30,8101
4,8102
30,8103
4,8104
18,8105
25,8106
25,8107
25,8108
35,8109
20,8110
33,8111
33,8112
33,8113
35,8114
34,8115
12,8116
34,8117
6,8118
15,8119
22,8120
14,8121
6,8122
6,8123
17,8124
22,8125
6,8126
14,8127
17,8128
11,8129
11,8130
17,8131
14,8132
19,8133
0,8134
24,8135
1,8136
27,8137
2,8138
37,8139
3,8140
23,8141
4,8142
18,8143
4,8144
4,8145
4,8146
4,8147
18,8148
18,8149
25,8150
33,8151
25,8152
35,8153
20,8154
20,8155
25,8156
20,8157
20,8158
35,8159
35,8160
20,8161
33,8162
33,8163
20,8164
25,8165
35,8166
33,8167
20,8168
33,8169
20,8170
35,8171
25,8172
20,8173
20,8174
33,8175
20,8176
33,8177
33,8178
33,8179
20,8180
25,8181
20,8182
33,8183
20,8184
33,8185
20,8186
33,8187
33,8188
35,8189
20,8190
20,8191
33,8192
25,8193
20,8194
33,8195
25,8196
33,8197
25,8198
33,8199
35,8200
35,8201
35,8202
35,8203
33,8204
33,8205
35,8206
34,8207
34,8208
34,8209
12,8210
12,8211
34,8212
34,8213
6,8214
6,8215
6,8216
11,8217
14,8218
17,8219
14,8220
11,8221
11,8222
17,8223
37,8224
29,8225
28,8226
2,8227
5,8228
10,8229
6,8230
15,8231
22,8232
15,8233
15,8234
17,8235
15,8236
11,8237
6,8238
14,8239
7,8240
7,8241
7,8242
8,8243
7,8244
7,8245
1,8246
31,8247
31,8248
27,8249
9,8250
37,8251
28,8252
9,8253
28,8254
37,8255
29,8256
29,8257
37,8258
37,8259
39,8260
0,8261
21,8262
1,8263
1,8264
2,8265
2,8266
3,8267
39,8268
4,8269
18,8270
30,8271
18,8272
25,8273
35,8274
34,8275
34,8276
6,8277
6,8278
11,8279
6,8280
14,8281
11,8282
11,8283
22,8284
14,8285
11,8286
17,8287
17,8288
17,8289
6,8290
14,8291
22,8292
15,8293
11,8294
17,8295
0,8296
0,8297
0,8298
1,8299
7,8300
27,8301
7,8302
27,8303
32,8304
2,8305
28,8306
2,8307
29,8308
3,8309
23,8310
3,8311
16,8312
23,8313
4,8314
4,8315
4,8316
4,8317
4,8318
18,8319
25,8320
20,8321
20,8322
33,8323
25,8324
20,8325
20,8326
25,8327
20,8328
35,8329
33,8330
20,8331
33,8332
20,8333
35,8334
25,8335
35,8336
34,8337
6,8338
11,8339
15,8340
15,8341
6,8342
22,8343
11,8344
11,8345
6,8346
17,8347
6,8348
6,8349
6,8350
11,8351
15,8352
11,8353
15,8354
19,8355
6,8356
15,8357
17,8358
11,8359
11,8360
14,8361
22,8362
17,8363
22,8364
11,8365
22,8366
17,8367
6,8368
11,8369
14,8370
22,8371
17,8372
22,8373
11,8374
14,8375
14,8376
19,8377
6,8378
22,8379
14,8380
22,8381
6,8382
6,8383
11,8384
6,8385
22,8386
14,8387
22,8388
17,8389
37,8390
2,8391
28,8392
2,8393
37,8394
37,8395
39,8396
16,8397
3,8398
3,8399
16,8400
23,8401
39,8402
3,8403
39,8404
39,8405
3,8406
39,8407
16,8408
23,8409
16,8410
23,8411
24,8412
26,8413
38,8414
10,8415
26,8416
38,8417
10,8418
26,8419
38,8420
26,8421
26,8422
38,8423
26,8424
5,8425
36,8426
13,8427
13,8428
27,8429
1,8430
32,8431
27,8432
7,8433
31,8434
1,8435
27,8436
7,8437
1,8438
8,8439
18,8440
30,8441
4,8442
18,8443
4,8444
18,8445
25,8446
35,8447
35,8448
35,8449
25,8450
33,8451
25,8452
25,8453
20,8454
20,8455
20,8456
35,8457
34,8458
6,8459
15,8460
17,8461
0,8462
0,8463
21,8464
24,8465
26,8466
1,8467
32,8468
1,8469
8,8470
18,8471
2,8472
2,8473
3,8474
3,8475
39,8476
4,8477
30,8478
18,8479
4,8480
18,8481
25,8482
20,8483
25,8484
20,8485
33,8486
35,8487
25,8488
33,8489
25,8490
33,8491
25,8492
20,8493
33,8494
25,8495
25,8496
33,8497
25,8498
35,8499
34,8500
6,8501
6,8502
14,8503
11,8504
11,8505
17,8506
37,8507
37,8508
37,8509
29,8510
37,8511
2,8512
9,8513
37,8514
29,8515
37,8516
37,8517
39,8518
3,8519
16,8520
3,8521
39,8522
16,8523
23,8524
3,8525
23,8526
23,8527
16,8528
16,8529
39,8530
3,8531
16,8532
39,8533
3,8534
3,8535
3,8536
3,8537
39,8538
3,8539
39,8540
23,8541
16,8542
16,8543
39,8544
3,8545
23,8546
23,8547
39,8548
23,8549
16,8550
3,8551
23,8552
3,8553
39,8554
16,8555
39,8556
23,8557
3,8558
39,8559
23,8560
24,8561
21,8562
24,8563
26,8564
26,8565
10,8566
38,8567
10,8568
38,8569
26,8570
38,8571
26,8572
10,8573
10,8574
5,8575
10,8576
10,8577
38,8578
38,8579
10,8580
5,8581
5,8582
36,8583
36,8584
13,8585
27,8586
1,8587
7,8588
1,8589
31,8590
1,8591
7,8592
31,8593
8,8594
1,8595
32,8596
7,8597
1,8598
8,8599
18,8600
25,8601
25,8602
20,8603
25,8604
33,8605
35,8606
35,8607
25,8608
25,8609
35,8610
20,8611
33,8612
33,8613
35,8614
25,8615
35,8616
35,8617
20,8618
35,8619
25,8620
20,8621
33,8622
25,8623
20,8624
20,8625
35,8626
35,8627
20,8628
20,8629
33,8630
35,8631
34,8632
34,8633
34,8634
12,8635
34,8636
12,8637
12,8638
12,8639
12,8640
12,8641
34,8642
6,8643
22,8644
17,8645
22,8646
14,8647
15,8648
19,8649
22,8650
6,8651
15,8652
14,8653
15,8654
15,8655
14,8656
22,8657
17,8658
11,8659
19,8660
19,8661
19,8662
22,8663
14,8664
17,8665
11,8666
6,8667
22,8668
15,8669
14,8670
22,8671
19,8672
14,8673
22,8674
17,8675
17,8676
19,8677
11,8678
14,8679
6,8680
6,8681
19,8682
17,8683
37,8684
37,8685
28,8686
9,8687
29,8688
29,8689
28,8690
28,8691
9,8692
2,8693
37,8694
29,8695
2,8696
9,8697
9,8698
28,8699
37,8700
29,8701
28,8702
2,8703
37,8704
29,8705
2,8706
37,8707
2,8708
5,8709
10,8710
26,8711
6,8712
17,8713
11,8714
14,8715
17,8716
7,8717
1,8718
8,8719
27,8720
9,8721
37,8722
28,8723
9,8724
37,8725
2,8726
2,8727
37,8728
39,8729
39,8730
39,8731
39,8732
23,8733
24,8734
0,8735
0,8736
24,8737
24,8738
24,8739
24,8740
26,8741
26,8742
5,8743
5,8744
36,8745
36,8746
13,8747
27,8748
31,8749
8,8750
32,8751
31,8752
1,8753
27,8754
27,8755
1,8756
27,8757
8,8758
31,8759
32,8760
7,8761
31,8762
7,8763
27,8764
1,8765
7,8766
8,8767
27,8768
8,8769
18,8770
18,8771
25,8772
33,8773
35,8774
33,8775
25,8776
35,8777
20,8778
33,8779
35,8780
35,8781
25,8782
33,8783
25,8784
35,8785
35,8786
33,8787
0,8788
24,8789
0,8790
1,8791
27,8792
2,8793
29,8794
3,8795
39,8796
39,8797
39,8798
39,8799
23,8800
39,8801
23,8802
4,8803
4,8804
30,8805
18,8806
25,8807
33,8808
33,8809
35,8810
34,8811
12,8812
12,8813
34,8814
12,8815
12,8816
34,8817
6,8818
19,8819
22,8820
11,8821
11,8822
15,8823
6,8824
22,8825
6,8826
11,8827
14,8828
15,8829
14,8830
15,8831
15,8832
14,8833
22,8834
19,8835
6,8836
22,8837
17,8838
6,8839
14,8840
11,8841
11,8842
22,8843
19,8844
17,8845
14,8846
15,8847
17,8848
14,8849
6,8850
15,8851
15,8852
19,8853
14,8854
19,8855
17,8856
19,8857
6,8858
14,8859
11,8860
15,8861
17,8862
14,8863
19,8864
11,8865
6,8866
15,8867
11,8868
11,8869
11,8870
15,8871
6,8872
22,8873
17,8874
15,8875
15,8876
14,8877
22,8878
11,8879
17,8880
11,8881
6,8882
6,8883
22,8884
17,8885
11,8886
22,8887
17,8888
6,8889
19,8890
19,8891
11,8892
6,8893
14,8894
14,8895
22,8896
14,8897
22,8898
19,8899
19,8900
15,8901
22,8902
22,8903
19,8904
19,8905
6,8906
6,8907
22,8908
14,8909
22,8910
17,8911
22,8912
6,8913
6,8914
19,8915
6,8916
17,8917
6,8918
6,8919
22,8920
15,8921
19,8922
15,8923
0,8924
0,8925
1,8926
8,8927
32,8928
2,8929
29,8930
37,8931
2,8932
3,8933
39,8934
4,8935
30,8936
18,8937
18,8938
25,8939
35,8940
34,8941
6,8942
17,8943
15,8944
6,8945
14,8946
15,8947
22,8948
22,8949
6,8950
6,8951
6,8952
15,8953
15,8954
6,8955
14,8956
14,8957
6,8958
6,8959
11,8960
14,8961
17,8962
14,8963
6,8964
14,8965
15,8966
15,8967
19,8968
11,8969
19,8970
22,8971
17,8972
19,8973
11,8974
6,8975
22,8976
17,8977
6,8978
11,8979
19,8980
15,8981
17,8982
22,8983
15,8984
22,8985
19,8986
17,8987
6,8988
14,8989
15,8990
22,8991
14,8992
17,8993
19,8994
15,8995
17,8996
14,8997
11,8998
14,8999
15,9000
19,9001
6,9002
15,9003
6,9004
14,9005
22,9006
5,9007
26,9008
6,9009
22,9010
7,9011
31,9012
7,9013
8,9014
32,9015
32,9016
9,9017
29,9018
29,9019
2,9020
37,9021
2,9022
29,9023
29,9024
9,9025
37,9026
0,9027
24,9028
0,9029
24,9030
1,9031
27,9032
7,9033
2,9034
28,9035
3,9036
39,9037
4,9038
30,9039
18,9040
4,9041
30,9042
18,9043
4,9044
4,9045
18,9046
25,9047
33,9048
25,9049
35,9050
25,9051
20,9052
25,9053
35,9054
25,9055
25,9056
20,9057
20,9058
25,9059
33,9060
0,9061
21,9062
21,9063
0,9064
0,9065
1,9066
31,9067
2,9068
28,9069
37,9070
2,9071
28,9072
37,9073
9,9074
3,9075
23,9076
16,9077
3,9078
39,9079
16,9080
23,9081
4,9082
30,9083
30,9084
30,9085
30,9086
30,9087
4,9088
18,9089
30,9090
30,9091
4,9092
30,9093
30,9094
4,9095
30,9096
18,9097
18,9098
18,9099
4,9100
30,9101
4,9102
18,9103
30,9104
18,9105
5,9106
5,9107
6,9108
22,9109
14,9110
7,9111
32,9112
8,9113
32,9114
9,9115
2,9116
29,9117
9,9118
37,9119
39,9120
5,9121
36,9122
13,9123
36,9124
36,9125
13,9126
6,9127
11,9128
22,9129
7,9130
1,9131
8,9132
8,9133
9,9134
28,9135
9,9136
37,9137
29,9138
29,9139
37,9140
28,9141
37,9142
37,9143
2,9144
9,9145
9,9146
29,9147
37,9148
9,9149
28,9150
29,9151
29,9152
28,9153
28,9154
9,9155
28,9156
28,9157
9,9158
29,9159
2,9160
9,9161
9,9162
9,9163
9,9164
28,9165
9,9166
9,9167
28,9168
37,9169
9,9170
29,9171
28,9172
29,9173
37,9174
39,9175
5,9176
38,9177
10,9178
6,9179
22,9180
7,9181
27,9182
8,9183
8,9184
7,9185
9,9186
29,9187
28,9188
2,9189
2,9190
0,9191
24,9192
0,9193
24,9194
1,9195
1,9196
27,9197
2,9198
28,9199
9,9200
3,9201
23,9202
23,9203
24,9204
4,9205
18,9206
25,9207
33,9208
33,9209
33,9210
20,9211
25,9212
35,9213
35,9214
25,9215
20,9216
33,9217
25,9218
20,9219
35,9220
35,9221
25,9222
25,9223
33,9224
25,9225
33,9226
20,9227
20,9228
35,9229
33,9230
20,9231
20,9232
33,9233
33,9234
33,9235
35,9236
35,9237
20,9238
35,9239
20,9240
20,9241
35,9242
34,9243
34,9244
34,9245
34,9246
12,9247
34,9248
34,9249
12,9250
34,9251
6,9252
19,9253
17,9254
15,9255
6,9256
17,9257
6,9258
14,9259
14,9260
6,9261
11,9262
22,9263
11,9264
6,9265
15,9266
14,9267
11,9268
22,9269
22,9270
6,9271
6,9272
22,9273
19,9274
14,9275
14,9276
11,9277
19,9278
19,9279
14,9280
15,9281
15,9282
14,9283
11,9284
17,9285
22,9286
14,9287
0,9288
0,9289
1,9290
1,9291
7,9292
2,9293
29,9294
3,9295
39,9296
23,9297
4,9298
4,9299
18,9300
18,9301
30,9302
30,9303
4,9304
18,9305
4,9306
4,9307
18,9308
4,9309
4,9310
4,9311
18,9312
18,9313
25,9314
20,9315
33,9316
35,9317
35,9318
25,9319
35,9320
20,9321
35,9322
35,9323
25,9324
35,9325
25,9326
20,9327
33,9328
25,9329
33,9330
20,9331
35,9332
35,9333
35,9334
34,9335
6,9336
19,9337
17,9338
15,9339
22,9340
15,9341
22,9342
14,9343
19,9344
14,9345
22,9346
19,9347
15,9348
14,9349
6,9350
11,9351
22,9352
22,9353
11,9354
15,9355
15,9356
17,9357
19,9358
17,9359
17,9360
17,9361
11,9362
14,9363
17,9364
19,9365
15,9366
6,9367
22,9368
17,9369
6,9370
6,9371
15,9372
17,9373
6,9374
14,9375
6,9376
22,9377
6,9378
17,9379
14,9380
22,9381
6,9382
5,9383
26,9384
5,9385
10,9386
10,9387
26,9388
10,9389
10,9390
6,9391
17,9392
7,9393
32,9394
8,9395
27,9396
32,9397
9,9398
9,9399
2,9400
37,9401
29,9402
9,9403
9,9404
37,9405
29,9406
28,9407
28,9408
28,9409
37,9410
37,9411
28,9412
29,9413
28,9414
37,9415
28,9416
37,9417
39,9418
3,9419
39,9420
16,9421
23,9422
3,9423
16,9424
3,9425
16,9426
39,9427
3,9428
3,9429
39,9430
16,9431
39,9432
39,9433
3,9434
23,9435
3,9436
16,9437
3,9438
16,9439
16,9440
3,9441
39,9442
23,9443
3,9444
39,9445
16,9446
39,9447
39,9448
16,9449
3,9450
39,9451
23,9452
3,9453
23,9454
23,9455
39,9456
23,9457
39,9458
23,9459
3,9460
23,9461
39,9462
39,9463
16,9464
3,9465
3,9466
16,9467
16,9468
3,9469
3,9470
16,9471
3,9472
23,9473
24,9474
24,9475
26,9476
5,9477
5,9478
26,9479
38,9480
5,9481
38,9482
26,9483
5,9484
26,9485
5,9486
10,9487
5,9488
5,9489
38,9490
10,9491
26,9492
10,9493
5,9494
36,9495
36,9496
13,9497
36,9498
36,9499
13,9500
27,9501
7,9502
31,9503
7,9504
8,9505
8,9506
27,9507
7,9508
1,9509
8,9510
8,9511
8,9512
27,9513
32,9514
32,9515
32,9516
7,9517
1,9518
1,9519
7,9520
1,9521
8,9522
31,9523
32,9524
31,9525
32,9526
7,9527
1,9528
27,9529
31,9530
31,9531
31,9532
1,9533
27,9534
27,9535
8,9536
32,9537
1,9538
31,9539
7,9540
7,9541
32,9542
1,9543
8,9544
27,9545
8,9546
18,9547
4,9548
4,9549
4,9550
30,9551
4,9552
18,9553
18,9554
30,9555
30,9556
4,9557
18,9558
4,9559
18,9560
25,9561
25,9562
20,9563
33,9564
20,9565
25,9566
25,9567
33,9568
33,9569
20,9570
35,9571
33,9572
25,9573
35,9574
34,9575
34,9576
12,9577
34,9578
6,9579
17,9580
6,9581
14,9582
6,9583
22,9584
14,9585
6,9586
11,9587
22,9588
14,9589
15,9590
14,9591
22,9592
14,9593
17,9594
11,9595
14,9596
19,9597
22,9598
6,9599
14,9600
19,9601
11,9602
19,9603
22,9604
17,9605
14,9606
14,9607
14,9608
22,9609
17,9610
14,9611
22,9612
15,9613
11,9614
17,9615
37,9616
9,9617
9,9618
29,9619
2,9620
2,9621
28,9622
37,9623
39,9624
3,9625
3,9626
23,9627
23,9628
16,9629
3,9630
16,9631
23,9632
39,9633
39,9634
3,9635
23,9636
24,9637
24,9638
24,9639
21,9640
21,9641
24,9642
21,9643
0,9644
0,9645
1,9646
1,9647
31,9648
2,9649
2,9650
3,9651
39,9652
16,9653
16,9654
39,9655
4,9656
18,9657
18,9658
18,9659
30,9660
4,9661
30,9662
4,9663
18,9664
4,9665
18,9666
30,9667
30,9668
30,9669
4,9670
18,9671
25,9672
33,9673
20,9674
20,9675
20,9676
25,9677
35,9678
33,9679
20,9680
35,9681
34,9682
34,9683
6,9684
6,9685
14,9686
19,9687
15,9688
19,9689
5,9690
36,9691
13,9692
6,9693
11,9694
15,9695
22,9696
14,9697
15,9698
7,9699
7,9700
8,9701
7,9702
9,9703
29,9704
37,9705
37,9706
9,9707
2,9708
29,9709
37,9710
28,9711
2,9712
28,9713
2,9714
28,9715
37,9716
2,9717
29,9718
2,9719
29,9720
37,9721
28,9722
2,9723
2,9724
28,9725
29,9726
29,9727
37,9728
28,9729
28,9730
28,9731
37,9732
39,9733
39,9734
23,9735
39,9736
23,9737
24,9738
21,9739
21,9740
24,9741
21,9742
21,9743
24,9744
26,9745
38,9746
26,9747
26,9748
38,9749
5,9750
10,9751
26,9752
5,9753
26,9754
38,9755
10,9756
10,9757
38,9758
38,9759
5,9760
5,9761
38,9762
38,9763
5,9764
26,9765
26,9766
38,9767
38,9768
5,9769
36,9770
36,9771
36,9772
13,9773
36,9774
36,9775
36,9776
36,9777
36,9778
36,9779
36,9780
13,9781
36,9782
13,9783
36,9784
36,9785
36,9786
36,9787
36,9788
13,9789
13,9790
27,9791
1,9792
7,9793
31,9794
8,9795
7,9796
31,9797
1,9798
27,9799
8,9800
32,9801
32,9802
31,9803
1,9804
1,9805
32,9806
31,9807
7,9808
8,9809
8,9810
32,9811
31,9812
27,9813
32,9814
32,9815
32,9816
1,9817
1,9818
7,9819
31,9820
7,9821
32,9822
27,9823
31,9824
32,9825
31,9826
32,9827
8,9828
32,9829
32,9830
32,9831
8,9832
31,9833
27,9834
8,9835
8,9836
31,9837
31,9838
7,9839
8,9840
27,9841
1,9842
32,9843
8,9844
1,9845
8,9846
18,9847
4,9848
18,9849
25,9850
20,9851
25,9852
25,9853
33,9854
35,9855
33,9856
33,9857
33,9858
33,9859
25,9860
25,9861
20,9862
25,9863
35,9864
34,9865
34,9866
6,9867
19,9868
19,9869
11,9870
14,9871
11,9872
11,9873
17,9874
37,9875
37,9876
39,9877
16,9878
3,9879
39,9880
23,9881
3,9882
23,9883
16,9884
16,9885
3,9886
23,9887
3,9888
39,9889
16,9890
16,9891
23,9892
39,9893
3,9894
23,9895
16,9896
23,9897
3,9898
3,9899
16,9900
16,9901
16,9902
16,9903
23,9904
3,9905
39,9906
23,9907
3,9908
39,9909
23,9910
3,9911
3,9912
3,9913
3,9914
16,9915
39,9916
23,9917
24,9918
26,9919
5,9920
10,9921
26,9922
5,9923
36,9924
36,9925
13,9926
36,9927
13,9928
13,9929
13,9930
13,9931
27,9932
32,9933
1,9934
32,9935
31,9936
1,9937
8,9938
1,9939
1,9940
31,9941
1,9942
31,9943
7,9944
27,9945
27,9946
31,9947
32,9948
5,9949
10,9950
10,9951
6,9952
15,9953
7,9954
31,9955
8,9956
27,9957
7,9958
9,9959
28,9960
9,9961
37,9962
37,9963
28,9964
2,9965
29,9966
29,9967
2,9968
28,9969
37,9970
9,9971
2,9972
28,9973
2,9974
37,9975
2,9976
29,9977
28,9978
37,9979
9,9980
29,9981
29,9982
28,9983
28,9984
9,9985
28,9986
29,9987
37,9988
29,9989
2,9990
2,9991
29,9992
28,9993
37,9994
39,9995
23,9996
39,9997
39,9998
3,9999
