14,0
14,1
11,2
11,3
17,4
22,5
17,6
19,7
11,8
17,9
15,10
15,11
22,12
6,13
14,14
6,15
17,16
22,17
14,18
14,19
17,20
17,21
11,22
19,23
11,24
22,25
11,26
11,27
22,28
22,29
19,30
22,31
17,32
15,33
11,34
22,35
11,36
19,37
11,38
15,39
15,40
22,41
14,42
22,43
17,44
6,45
19,46
14,47
11,48
17,49
22,50
6,51
6,52
11,53
19,54
19,55
11,56
15,57
22,58
15,59
14,60
11,61
11,62
22,63
6,64
14,65
15,66
15,67
11,68
17,69
17,70
15,71
6,72
22,73
15,74
19,75
19,76
15,77
14,78
22,79
14,80
6,81
14,82
22,83
11,84
22,85
15,86
6,87
19,88
14,89
15,90
15,91
17,92
37,93
9,94
9,95
37,96
37,97
9,98
28,99
9,100
37,101
39,102
3,103
16,104
3,105
16,106
23,107
3,108
39,109
16,110
23,111
3,112
39,113
39,114
16,115
39,116
39,117
3,118
4,119
30,120
30,121
30,122
30,123
30,124
5,125
36,126
6,127
22,128
7,129
27,130
1,131
32,132
31,133
32,134
1,135
31,136
1,137
31,138
1,139
8,140
27,141
31,142
1,143
32,144
1,145
27,146
32,147
27,148
27,149
31,150
32,151
7,152
1,153
32,154
8,155
32,156
31,157
7,158
7,159
1,160
31,161
8,162
0,163
0,164
21,165
1,166
8,167
7,168
2,169
2,170
3,171
3,172
3,173
16,174
23,175
3,176
23,177
23,178
3,179
16,180
3,181
23,182
39,183
16,184
3,185
39,186
39,187
16,188
39,189
39,190
39,191
3,192
3,193
3,194
23,195
3,196
23,197
3,198
3,199
3,200
3,201
39,202
39,203
23,204
23,205
23,206
16,207
39,208
39,209
23,210
16,211
16,212
3,213
23,214
3,215
16,216
16,217
16,218
16,219
3,220
16,221
16,222
23,223
24,224
26,225
26,226
10,227
5,228
38,229
5,230
36,231
13,232
27,233
7,234
8,235
1,236
27,237
27,238
32,239
1,240
27,241
7,242
8,243
31,244
7,245
31,246
8,247
31,248
27,249
7,250
1,251
27,252
8,253
7,254
1,255
31,256
32,257
8,258
7,259
31,260
27,261
8,262
18,263
4,264
30,265
18,266
30,267
4,268
4,269
4,270
30,271
18,272
18,273
4,274
30,275
18,276
18,277
4,278
4,279
30,280
4,281
18,282
4,283
4,284
18,285
4,286
18,287
4,288
30,289
30,290
18,291
18,292
30,293
18,294
25,295
25,296
25,297
33,298
20,299
33,300
20,301
33,302
35,303
35,304
20,305
33,306
35,307
35,308
25,309
33,310
25,311
25,312
25,313
20,314
25,315
25,316
35,317
25,318
20,319
33,320
25,321
35,322
34,323
34,324
12,325
34,326
34,327
12,328
12,329
34,330
12,331
34,332
6,333
15,334
11,335
17,336
17,337
22,338
11,339
19,340
14,341
14,342
17,343
37,344
28,345
29,346
2,347
37,348
2,349
28,350
2,351
37,352
28,353
2,354
2,355
29,356
2,357
2,358
29,359
28,360
9,361
29,362
37,363
2,364
29,365
28,366
37,367
2,368
28,369
2,370
29,371
29,372
28,373
37,374
29,375
37,376
29,377
2,378
9,379
9,380
9,381
9,382
37,383
28,384
28,385
37,386
2,387
9,388
37,389
37,390
9,391
9,392
37,393
39,394
23,395
16,396
3,397
39,398
3,399
39,400
3,401
3,402
16,403
23,404
39,405
16,406
23,407
39,408
23,409
23,410
23,411
3,412
16,413
16,414
16,415
16,416
16,417
23,418
24,419
24,420
0,421
24,422
24,423
26,424
26,425
38,426
5,427
38,428
5,429
36,430
13,431
36,432
13,433
27,434
32,435
1,436
31,437
7,438
1,439
7,440
1,441
27,442
31,443
27,444
1,445
1,446
1,447
8,448
32,449
32,450
4,451
4,452
5,453
38,454
6,455
22,456
6,457
7,458
1,459
27,460
32,461
8,462
31,463
27,464
1,465
31,466
8,467
7,468
32,469
31,470
31,471
32,472
8,473
1,474
7,475
8,476
1,477
31,478
1,479
7,480
31,481
32,482
31,483
1,484
1,485
27,486
27,487
32,488
7,489
32,490
27,491
8,492
32,493
32,494
27,495
7,496
1,497
8,498
7,499
8,500
7,501
8,502
7,503
32,504
32,505
27,506
7,507
8,508
8,509
8,510
1,511
1,512
32,513
7,514
8,515
1,516
31,517
32,518
32,519
8,520
1,521
8,522
8,523
7,524
31,525
32,526
31,527
32,528
32,529
27,530
32,531
27,532
1,533
31,534
1,535
27,536
32,537
31,538
1,539
31,540
31,541
7,542
8,543
8,544
18,545
18,546
25,547
35,548
33,549
35,550
33,551
35,552
33,553
33,554
20,555
20,556
35,557
34,558
12,559
12,560
34,561
12,562
34,563
34,564
34,565
6,566
0,567
24,568
1,569
31,570
31,571
7,572
2,573
9,574
3,575
16,576
3,577
39,578
39,579
3,580
3,581
16,582
16,583
39,584
23,585
24,586
24,587
26,588
5,589
26,590
10,591
5,592
38,593
38,594
38,595
5,596
26,597
10,598
38,599
38,600
38,601
10,602
10,603
26,604
10,605
38,606
38,607
5,608
38,609
5,610
26,611
26,612
5,613
38,614
38,615
5,616
10,617
10,618
26,619
5,620
36,621
36,622
13,623
13,624
13,625
27,626
32,627
1,628
1,629
1,630
32,631
1,632
8,633
18,634
4,635
4,636
4,637
30,638
18,639
25,640
25,641
35,642
35,643
35,644
33,645
35,646
35,647
35,648
35,649
35,650
0,651
21,652
1,653
32,654
31,655
31,656
2,657
9,658
3,659
23,660
16,661
16,662
16,663
39,664
16,665
3,666
23,667
16,668
39,669
3,670
3,671
16,672
23,673
23,674
24,675
21,676
24,677
21,678
24,679
0,680
0,681
0,682
24,683
0,684
24,685
26,686
38,687
38,688
26,689
26,690
5,691
10,692
26,693
10,694
26,695
10,696
26,697
38,698
38,699
10,700
38,701
38,702
10,703
10,704
26,705
10,706
5,707
5,708
38,709
26,710
5,711
38,712
38,713
10,714
5,715
5,716
26,717
26,718
26,719
26,720
26,721
5,722
5,723
38,724
38,725
26,726
26,727
26,728
5,729
10,730
10,731
5,732
5,733
38,734
26,735
5,736
36,737
36,738
13,739
36,740
36,741
13,742
27,743
31,744
32,745
27,746
7,747
31,748
7,749
8,750
27,751
1,752
27,753
7,754
1,755
27,756
31,757
1,758
8,759
31,760
7,761
8,762
27,763
32,764
7,765
1,766
7,767
27,768
32,769
27,770
27,771
7,772
27,773
27,774
27,775
27,776
31,777
32,778
27,779
1,780
27,781
1,782
1,783
27,784
31,785
8,786
8,787
7,788
27,789
27,790
27,791
7,792
1,793
1,794
32,795
7,796
31,797
7,798
1,799
31,800
31,801
8,802
31,803
32,804
27,805
8,806
18,807
30,808
4,809
4,810
30,811
30,812
4,813
4,814
18,815
30,816
4,817
30,818
30,819
4,820
30,821
4,822
18,823
18,824
25,825
33,826
35,827
35,828
25,829
20,830
33,831
20,832
25,833
25,834
33,835
25,836
20,837
25,838
25,839
25,840
33,841
25,842
33,843
35,844
33,845
25,846
25,847
20,848
0,849
0,850
21,851
24,852
24,853
21,854
21,855
21,856
1,857
8,858
18,859
30,860
2,861
9,862
3,863
3,864
39,865
16,866
16,867
3,868
3,869
23,870
24,871
21,872
24,873
24,874
26,875
5,876
10,877
5,878
5,879
26,880
5,881
5,882
5,883
4,884
30,885
5,886
5,887
10,888
6,889
15,890
17,891
14,892
14,893
22,894
7,895
27,896
7,897
1,898
8,899
8,900
18,901
30,902
18,903
4,904
30,905
30,906
30,907
30,908
4,909
30,910
18,911
18,912
30,913
4,914
18,915
30,916
18,917
25,918
33,919
0,920
0,921
24,922
1,923
27,924
2,925
37,926
3,927
23,928
23,929
16,930
23,931
3,932
4,933
18,934
5,935
10,936
10,937
5,938
38,939
38,940
10,941
38,942
6,943
22,944
7,945
31,946
8,947
1,948
8,949
32,950
8,951
32,952
8,953
18,954
30,955
18,956
18,957
30,958
4,959
18,960
18,961
5,962
10,963
26,964
38,965
26,966
6,967
22,968
7,969
1,970
1,971
31,972
32,973
1,974
7,975
31,976
7,977
31,978
32,979
7,980
1,981
7,982
7,983
8,984
31,985
7,986
8,987
1,988
7,989
31,990
1,991
32,992
27,993
32,994
27,995
8,996
32,997
32,998
27,999
32,1000
7,1001
27,1002
7,1003
7,1004
4,1005
18,1006
5,1007
26,1008
6,1009
6,1010
14,1011
7,1012
1,1013
7,1014
8,1015
32,1016
8,1017
18,1018
18,1019
25,1020
20,1021
35,1022
34,1023
12,1024
34,1025
34,1026
34,1027
34,1028
12,1029
12,1030
12,1031
34,1032
12,1033
34,1034
34,1035
12,1036
12,1037
34,1038
34,1039
34,1040
12,1041
12,1042
12,1043
34,1044
12,1045
12,1046
34,1047
12,1048
12,1049
12,1050
34,1051
6,1052
22,1053
11,1054
19,1055
17,1056
6,1057
17,1058
22,1059
22,1060
14,1061
6,1062
11,1063
15,1064
22,1065
11,1066
6,1067
17,1068
15,1069
22,1070
11,1071
17,1072
19,1073
15,1074
0,1075
24,1076
0,1077
24,1078
1,1079
31,1080
1,1081
2,1082
28,1083
3,1084
16,1085
3,1086
39,1087
3,1088
16,1089
39,1090
23,1091
3,1092
3,1093
23,1094
3,1095
16,1096
16,1097
3,1098
16,1099
3,1100
23,1101
4,1102
30,1103
5,1104
36,1105
36,1106
36,1107
36,1108
6,1109
11,1110
19,1111
7,1112
1,1113
31,1114
1,1115
31,1116
1,1117
1,1118
7,1119
32,1120
1,1121
27,1122
32,1123
8,1124
7,1125
31,1126
1,1127
8,1128
8,1129
1,1130
31,1131
7,1132
31,1133
31,1134
31,1135
31,1136
1,1137
27,1138
1,1139
1,1140
32,1141
1,1142
31,1143
8,1144
27,1145
0,1146
21,1147
24,1148
0,1149
1,1150
32,1151
31,1152
2,1153
9,1154
2,1155
37,1156
3,1157
23,1158
23,1159
0,1160
21,1161
1,1162
7,1163
8,1164
2,1165
37,1166
2,1167
3,1168
23,1169
3,1170
16,1171
16,1172
16,1173
16,1174
39,1175
39,1176
23,1177
39,1178
16,1179
16,1180
23,1181
39,1182
3,1183
39,1184
16,1185
39,1186
23,1187
24,1188
24,1189
24,1190
24,1191
24,1192
26,1193
5,1194
5,1195
5,1196
38,1197
38,1198
10,1199
10,1200
10,1201
10,1202
26,1203
5,1204
5,1205
36,1206
36,1207
36,1208
36,1209
36,1210
36,1211
13,1212
36,1213
13,1214
27,1215
32,1216
1,1217
1,1218
7,1219
8,1220
8,1221
27,1222
1,1223
27,1224
8,1225
32,1226
7,1227
31,1228
27,1229
32,1230
31,1231
1,1232
27,1233
32,1234
1,1235
1,1236
31,1237
7,1238
31,1239
0,1240
24,1241
1,1242
32,1243
8,1244
7,1245
8,1246
1,1247
2,1248
29,1249
3,1250
39,1251
3,1252
23,1253
16,1254
3,1255
16,1256
16,1257
23,1258
3,1259
16,1260
23,1261
16,1262
23,1263
3,1264
16,1265
39,1266
23,1267
23,1268
23,1269
24,1270
26,1271
5,1272
26,1273
10,1274
26,1275
26,1276
38,1277
26,1278
10,1279
10,1280
10,1281
38,1282
38,1283
10,1284
0,1285
24,1286
26,1287
26,1288
1,1289
27,1290
1,1291
31,1292
31,1293
1,1294
32,1295
2,1296
37,1297
37,1298
3,1299
23,1300
23,1301
24,1302
26,1303
26,1304
26,1305
26,1306
5,1307
36,1308
13,1309
13,1310
13,1311
36,1312
36,1313
13,1314
13,1315
27,1316
8,1317
1,1318
1,1319
7,1320
7,1321
0,1322
0,1323
1,1324
8,1325
31,1326
32,1327
31,1328
8,1329
31,1330
2,1331
2,1332
2,1333
2,1334
3,1335
3,1336
3,1337
39,1338
16,1339
39,1340
3,1341
3,1342
23,1343
16,1344
39,1345
23,1346
39,1347
3,1348
39,1349
16,1350
16,1351
23,1352
16,1353
3,1354
23,1355
3,1356
3,1357
23,1358
39,1359
3,1360
23,1361
23,1362
39,1363
3,1364
39,1365
23,1366
24,1367
21,1368
0,1369
24,1370
24,1371
21,1372
21,1373
21,1374
24,1375
26,1376
38,1377
26,1378
26,1379
5,1380
5,1381
5,1382
5,1383
10,1384
10,1385
5,1386
38,1387
5,1388
5,1389
5,1390
10,1391
10,1392
5,1393
26,1394
10,1395
38,1396
38,1397
26,1398
10,1399
38,1400
10,1401
10,1402
26,1403
38,1404
10,1405
10,1406
38,1407
38,1408
26,1409
38,1410
10,1411
38,1412
38,1413
26,1414
38,1415
26,1416
38,1417
10,1418
38,1419
38,1420
10,1421
26,1422
38,1423
5,1424
36,1425
13,1426
13,1427
13,1428
13,1429
13,1430
36,1431
36,1432
13,1433
13,1434
13,1435
36,1436
36,1437
36,1438
36,1439
13,1440
13,1441
36,1442
36,1443
13,1444
27,1445
8,1446
7,1447
32,1448
32,1449
27,1450
27,1451
31,1452
7,1453
31,1454
31,1455
7,1456
31,1457
8,1458
18,1459
4,1460
18,1461
18,1462
4,1463
30,1464
18,1465
18,1466
30,1467
18,1468
18,1469
18,1470
30,1471
18,1472
0,1473
0,1474
1,1475
27,1476
27,1477
2,1478
9,1479
3,1480
3,1481
23,1482
3,1483
3,1484
39,1485
39,1486
16,1487
16,1488
3,1489
16,1490
16,1491
39,1492
39,1493
23,1494
3,1495
23,1496
3,1497
23,1498
23,1499
24,1500
24,1501
21,1502
24,1503
26,1504
10,1505
38,1506
38,1507
38,1508
38,1509
38,1510
38,1511
5,1512
10,1513
10,1514
26,1515
38,1516
5,1517
10,1518
26,1519
26,1520
26,1521
10,1522
26,1523
10,1524
38,1525
26,1526
26,1527
26,1528
26,1529
26,1530
10,1531
38,1532
38,1533
38,1534
5,1535
10,1536
5,1537
36,1538
13,1539
27,1540
27,1541
1,1542
7,1543
31,1544
7,1545
27,1546
7,1547
1,1548
31,1549
27,1550
32,1551
32,1552
32,1553
8,1554
32,1555
27,1556
31,1557
32,1558
27,1559
27,1560
27,1561
32,1562
8,1563
31,1564
27,1565
32,1566
27,1567
1,1568
7,1569
32,1570
1,1571
8,1572
27,1573
27,1574
32,1575
8,1576
7,1577
31,1578
1,1579
27,1580
1,1581
8,1582
27,1583
32,1584
8,1585
31,1586
8,1587
18,1588
30,1589
18,1590
4,1591
30,1592
18,1593
4,1594
30,1595
30,1596
18,1597
4,1598
18,1599
25,1600
35,1601
33,1602
35,1603
33,1604
33,1605
35,1606
25,1607
33,1608
33,1609
33,1610
25,1611
20,1612
20,1613
25,1614
25,1615
25,1616
33,1617
20,1618
33,1619
35,1620
33,1621
33,1622
25,1623
20,1624
33,1625
25,1626
20,1627
33,1628
25,1629
20,1630
33,1631
35,1632
34,1633
6,1634
19,1635
14,1636
14,1637
17,1638
11,1639
6,1640
11,1641
11,1642
22,1643
17,1644
37,1645
39,1646
16,1647
3,1648
16,1649
23,1650
24,1651
26,1652
26,1653
26,1654
26,1655
38,1656
5,1657
10,1658
5,1659
26,1660
5,1661
10,1662
10,1663
26,1664
38,1665
26,1666
10,1667
38,1668
5,1669
38,1670
26,1671
10,1672
5,1673
36,1674
13,1675
27,1676
27,1677
7,1678
1,1679
27,1680
31,1681
32,1682
27,1683
31,1684
7,1685
27,1686
8,1687
7,1688
8,1689
31,1690
31,1691
8,1692
1,1693
27,1694
8,1695
18,1696
25,1697
20,1698
4,1699
4,1700
5,1701
10,1702
6,1703
22,1704
7,1705
8,1706
32,1707
31,1708
8,1709
0,1710
24,1711
1,1712
27,1713
7,1714
2,1715
37,1716
9,1717
28,1718
28,1719
3,1720
3,1721
39,1722
16,1723
3,1724
3,1725
3,1726
23,1727
3,1728
23,1729
39,1730
3,1731
16,1732
16,1733
39,1734
16,1735
16,1736
39,1737
3,1738
3,1739
3,1740
39,1741
23,1742
39,1743
16,1744
3,1745
16,1746
23,1747
16,1748
3,1749
3,1750
3,1751
23,1752
3,1753
23,1754
39,1755
39,1756
39,1757
16,1758
16,1759
16,1760
16,1761
39,1762
23,1763
3,1764
3,1765
16,1766
39,1767
23,1768
24,1769
24,1770
24,1771
0,1772
24,1773
26,1774
5,1775
5,1776
4,1777
30,1778
5,1779
10,1780
38,1781
6,1782
15,1783
22,1784
7,1785
8,1786
7,1787
27,1788
1,1789
31,1790
32,1791
27,1792
27,1793
1,1794
27,1795
7,1796
4,1797
4,1798
30,1799
4,1800
4,1801
5,1802
36,1803
6,1804
22,1805
7,1806
32,1807
31,1808
7,1809
1,1810
7,1811
8,1812
31,1813
7,1814
8,1815
1,1816
1,1817
7,1818
8,1819
31,1820
7,1821
8,1822
32,1823
27,1824
8,1825
27,1826
8,1827
27,1828
31,1829
32,1830
31,1831
1,1832
1,1833
8,1834
31,1835
8,1836
8,1837
7,1838
7,1839
31,1840
7,1841
31,1842
31,1843
1,1844
27,1845
27,1846
27,1847
27,1848
32,1849
1,1850
31,1851
1,1852
27,1853
8,1854
18,1855
30,1856
30,1857
4,1858
30,1859
30,1860
4,1861
30,1862
18,1863
25,1864
33,1865
35,1866
20,1867
33,1868
35,1869
34,1870
6,1871
15,1872
15,1873
22,1874
15,1875
19,1876
22,1877
15,1878
14,1879
17,1880
15,1881
15,1882
14,1883
15,1884
17,1885
6,1886
17,1887
6,1888
19,1889
22,1890
17,1891
17,1892
14,1893
15,1894
22,1895
15,1896
6,1897
17,1898
22,1899
15,1900
19,1901
11,1902
15,1903
14,1904
6,1905
14,1906
17,1907
6,1908
19,1909
17,1910
6,1911
22,1912
6,1913
11,1914
22,1915
22,1916
6,1917
4,1918
4,1919
18,1920
5,1921
36,1922
6,1923
19,1924
19,1925
7,1926
8,1927
1,1928
31,1929
1,1930
27,1931
31,1932
31,1933
7,1934
31,1935
27,1936
8,1937
31,1938
1,1939
27,1940
1,1941
27,1942
7,1943
32,1944
7,1945
7,1946
8,1947
1,1948
7,1949
1,1950
8,1951
31,1952
32,1953
27,1954
1,1955
8,1956
1,1957
1,1958
8,1959
1,1960
8,1961
8,1962
18,1963
30,1964
30,1965
4,1966
4,1967
18,1968
25,1969
33,1970
33,1971
33,1972
20,1973
35,1974
20,1975
33,1976
20,1977
25,1978
25,1979
25,1980
33,1981
20,1982
25,1983
20,1984
33,1985
25,1986
20,1987
20,1988
35,1989
34,1990
12,1991
12,1992
34,1993
6,1994
17,1995
14,1996
22,1997
11,1998
6,1999
6,2000
17,2001
15,2002
6,2003
14,2004
17,2005
15,2006
15,2007
19,2008
11,2009
11,2010
14,2011
17,2012
15,2013
11,2014
22,2015
11,2016
15,2017
19,2018
17,2019
19,2020
19,2021
15,2022
22,2023
17,2024
14,2025
19,2026
17,2027
14,2028
14,2029
14,2030
22,2031
15,2032
15,2033
15,2034
14,2035
14,2036
17,2037
15,2038
11,2039
14,2040
11,2041
11,2042
19,2043
6,2044
11,2045
17,2046
15,2047
19,2048
15,2049
22,2050
15,2051
19,2052
15,2053
19,2054
17,2055
19,2056
17,2057
19,2058
6,2059
15,2060
19,2061
14,2062
14,2063
15,2064
22,2065
19,2066
6,2067
11,2068
22,2069
6,2070
14,2071
15,2072
6,2073
14,2074
14,2075
19,2076
6,2077
22,2078
19,2079
17,2080
6,2081
6,2082
11,2083
22,2084
17,2085
17,2086
19,2087
17,2088
14,2089
15,2090
6,2091
11,2092
17,2093
15,2094
15,2095
11,2096
14,2097
11,2098
11,2099
15,2100
22,2101
14,2102
15,2103
19,2104
17,2105
15,2106
17,2107
17,2108
11,2109
22,2110
15,2111
6,2112
11,2113
14,2114
6,2115
19,2116
19,2117
15,2118
19,2119
6,2120
15,2121
19,2122
15,2123
11,2124
17,2125
22,2126
15,2127
22,2128
6,2129
17,2130
19,2131
11,2132
14,2133
15,2134
22,2135
22,2136
22,2137
15,2138
11,2139
14,2140
14,2141
14,2142
19,2143
17,2144
11,2145
22,2146
14,2147
14,2148
14,2149
17,2150
19,2151
11,2152
15,2153
22,2154
15,2155
14,2156
11,2157
6,2158
11,2159
17,2160
37,2161
2,2162
28,2163
2,2164
2,2165
2,2166
37,2167
39,2168
23,2169
16,2170
23,2171
3,2172
39,2173
39,2174
16,2175
16,2176
3,2177
16,2178
39,2179
23,2180
23,2181
39,2182
16,2183
23,2184
16,2185
16,2186
3,2187
39,2188
3,2189
3,2190
3,2191
3,2192
3,2193
3,2194
16,2195
3,2196
39,2197
16,2198
3,2199
39,2200
3,2201
39,2202
3,2203
3,2204
39,2205
39,2206
0,2207
21,2208
21,2209
1,2210
1,2211
2,2212
2,2213
3,2214
39,2215
3,2216
3,2217
39,2218
3,2219
3,2220
39,2221
23,2222
16,2223
3,2224
16,2225
39,2226
16,2227
23,2228
3,2229
4,2230
4,2231
5,2232
36,2233
13,2234
13,2235
6,2236
19,2237
11,2238
6,2239
7,2240
1,2241
27,2242
0,2243
24,2244
0,2245
0,2246
24,2247
0,2248
1,2249
8,2250
2,2251
37,2252
3,2253
23,2254
39,2255
39,2256
39,2257
3,2258
3,2259
3,2260
16,2261
0,2262
24,2263
1,2264
1,2265
8,2266
8,2267
2,2268
29,2269
9,2270
37,2271
3,2272
23,2273
16,2274
39,2275
23,2276
39,2277
23,2278
24,2279
24,2280
24,2281
0,2282
21,2283
24,2284
0,2285
21,2286
24,2287
26,2288
38,2289
26,2290
5,2291
5,2292
10,2293
26,2294
10,2295
5,2296
26,2297
26,2298
10,2299
10,2300
26,2301
5,2302
5,2303
36,2304
13,2305
36,2306
36,2307
13,2308
27,2309
7,2310
31,2311
31,2312
1,2313
32,2314
32,2315
27,2316
31,2317
32,2318
1,2319
27,2320
32,2321
1,2322
27,2323
1,2324
1,2325
27,2326
32,2327
8,2328
32,2329
7,2330
31,2331
27,2332
7,2333
31,2334
7,2335
31,2336
31,2337
32,2338
7,2339
8,2340
7,2341
1,2342
7,2343
31,2344
8,2345
7,2346
7,2347
8,2348
1,2349
8,2350
8,2351
1,2352
27,2353
31,2354
32,2355
1,2356
7,2357
7,2358
1,2359
0,2360
0,2361
1,2362
31,2363
2,2364
28,2365
3,2366
3,2367
39,2368
16,2369
3,2370
23,2371
3,2372
16,2373
39,2374
16,2375
16,2376
16,2377
23,2378
39,2379
39,2380
16,2381
16,2382
39,2383
16,2384
39,2385
16,2386
39,2387
23,2388
3,2389
3,2390
39,2391
39,2392
16,2393
16,2394
23,2395
24,2396
26,2397
26,2398
38,2399
26,2400
5,2401
26,2402
10,2403
5,2404
36,2405
13,2406
27,2407
1,2408
1,2409
1,2410
32,2411
31,2412
27,2413
8,2414
18,2415
30,2416
4,2417
30,2418
30,2419
30,2420
4,2421
4,2422
30,2423
18,2424
4,2425
4,2426
4,2427
18,2428
4,2429
18,2430
4,2431
18,2432
18,2433
4,2434
18,2435
25,2436
25,2437
35,2438
35,2439
35,2440
34,2441
34,2442
6,2443
15,2444
6,2445
19,2446
14,2447
22,2448
22,2449
22,2450
19,2451
22,2452
11,2453
19,2454
15,2455
17,2456
22,2457
15,2458
14,2459
17,2460
22,2461
6,2462
14,2463
14,2464
17,2465
17,2466
37,2467
9,2468
2,2469
2,2470
2,2471
28,2472
37,2473
9,2474
29,2475
37,2476
9,2477
37,2478
37,2479
29,2480
2,2481
2,2482
37,2483
28,2484
9,2485
0,2486
21,2487
1,2488
7,2489
2,2490
28,2491
3,2492
23,2493
16,2494
16,2495
16,2496
3,2497
3,2498
39,2499
39,2500
39,2501
3,2502
3,2503
23,2504
3,2505
16,2506
23,2507
0,2508
0,2509
0,2510
1,2511
1,2512
8,2513
7,2514
32,2515
7,2516
2,2517
2,2518
37,2519
3,2520
16,2521
23,2522
23,2523
4,2524
4,2525
4,2526
4,2527
30,2528
5,2529
36,2530
36,2531
13,2532
6,2533
14,2534
7,2535
1,2536
27,2537
32,2538
27,2539
8,2540
8,2541
4,2542
4,2543
5,2544
36,2545
36,2546
6,2547
22,2548
7,2549
27,2550
8,2551
32,2552
27,2553
7,2554
32,2555
7,2556
1,2557
31,2558
31,2559
27,2560
32,2561
31,2562
32,2563
32,2564
7,2565
8,2566
32,2567
27,2568
8,2569
1,2570
1,2571
32,2572
7,2573
32,2574
27,2575
32,2576
1,2577
32,2578
1,2579
27,2580
7,2581
32,2582
1,2583
31,2584
32,2585
1,2586
1,2587
7,2588
32,2589
32,2590
32,2591
32,2592
8,2593
32,2594
7,2595
8,2596
18,2597
25,2598
33,2599
33,2600
35,2601
20,2602
20,2603
20,2604
25,2605
20,2606
25,2607
20,2608
33,2609
33,2610
25,2611
25,2612
33,2613
35,2614
33,2615
20,2616
25,2617
33,2618
33,2619
20,2620
35,2621
33,2622
33,2623
25,2624
33,2625
33,2626
33,2627
25,2628
20,2629
35,2630
34,2631
6,2632
22,2633
17,2634
22,2635
17,2636
19,2637
11,2638
11,2639
4,2640
18,2641
5,2642
26,2643
6,2644
17,2645
7,2646
27,2647
1,2648
31,2649
31,2650
31,2651
7,2652
8,2653
18,2654
25,2655
25,2656
25,2657
33,2658
20,2659
20,2660
35,2661
34,2662
34,2663
34,2664
6,2665
15,2666
4,2667
4,2668
18,2669
5,2670
26,2671
6,2672
17,2673
6,2674
6,2675
7,2676
27,2677
31,2678
4,2679
18,2680
5,2681
5,2682
6,2683
22,2684
7,2685
1,2686
7,2687
7,2688
8,2689
31,2690
27,2691
32,2692
7,2693
31,2694
1,2695
8,2696
32,2697
7,2698
27,2699
32,2700
32,2701
27,2702
32,2703
8,2704
31,2705
31,2706
7,2707
31,2708
0,2709
21,2710
1,2711
31,2712
27,2713
27,2714
31,2715
2,2716
28,2717
3,2718
23,2719
16,2720
3,2721
16,2722
16,2723
23,2724
16,2725
39,2726
23,2727
16,2728
39,2729
39,2730
23,2731
23,2732
3,2733
23,2734
39,2735
16,2736
3,2737
23,2738
39,2739
39,2740
39,2741
23,2742
24,2743
26,2744
38,2745
5,2746
38,2747
5,2748
26,2749
38,2750
26,2751
38,2752
38,2753
5,2754
26,2755
26,2756
5,2757
26,2758
5,2759
36,2760
13,2761
36,2762
36,2763
13,2764
36,2765
13,2766
13,2767
36,2768
13,2769
13,2770
27,2771
7,2772
32,2773
8,2774
31,2775
32,2776
8,2777
27,2778
31,2779
32,2780
32,2781
31,2782
31,2783
27,2784
32,2785
31,2786
7,2787
31,2788
31,2789
27,2790
31,2791
32,2792
1,2793
7,2794
32,2795
31,2796
1,2797
32,2798
31,2799
8,2800
32,2801
1,2802
31,2803
27,2804
7,2805
27,2806
31,2807
32,2808
1,2809
31,2810
32,2811
32,2812
32,2813
32,2814
31,2815
31,2816
7,2817
7,2818
27,2819
7,2820
7,2821
1,2822
7,2823
32,2824
0,2825
21,2826
0,2827
1,2828
27,2829
32,2830
1,2831
8,2832
1,2833
27,2834
2,2835
37,2836
3,2837
23,2838
23,2839
23,2840
39,2841
3,2842
3,2843
3,2844
23,2845
3,2846
16,2847
23,2848
24,2849
0,2850
24,2851
0,2852
24,2853
0,2854
24,2855
0,2856
21,2857
24,2858
1,2859
1,2860
1,2861
8,2862
2,2863
29,2864
2,2865
9,2866
9,2867
3,2868
16,2869
3,2870
23,2871
23,2872
23,2873
39,2874
3,2875
23,2876
39,2877
23,2878
23,2879
39,2880
39,2881
23,2882
23,2883
3,2884
39,2885
39,2886
39,2887
23,2888
16,2889
39,2890
39,2891
16,2892
16,2893
16,2894
3,2895
3,2896
16,2897
3,2898
39,2899
3,2900
39,2901
3,2902
39,2903
3,2904
3,2905
23,2906
16,2907
3,2908
39,2909
23,2910
39,2911
39,2912
16,2913
23,2914
24,2915
4,2916
4,2917
5,2918
38,2919
6,2920
22,2921
19,2922
7,2923
31,2924
7,2925
8,2926
8,2927
1,2928
27,2929
1,2930
1,2931
31,2932
4,2933
4,2934
4,2935
4,2936
5,2937
5,2938
6,2939
19,2940
7,2941
7,2942
1,2943
27,2944
32,2945
32,2946
27,2947
27,2948
27,2949
8,2950
31,2951
7,2952
31,2953
7,2954
1,2955
31,2956
27,2957
27,2958
7,2959
31,2960
8,2961
31,2962
27,2963
27,2964
32,2965
31,2966
7,2967
32,2968
8,2969
8,2970
7,2971
27,2972
27,2973
27,2974
27,2975
27,2976
32,2977
8,2978
27,2979
31,2980
7,2981
1,2982
1,2983
1,2984
7,2985
7,2986
27,2987
1,2988
8,2989
31,2990
31,2991
27,2992
27,2993
32,2994
4,2995
18,2996
5,2997
5,2998
6,2999
22,3000
22,3001
7,3002
7,3003
32,3004
7,3005
31,3006
7,3007
32,3008
7,3009
7,3010
1,3011
8,3012
31,3013
31,3014
32,3015
31,3016
1,3017
32,3018
7,3019
7,3020
27,3021
27,3022
1,3023
1,3024
32,3025
31,3026
32,3027
31,3028
7,3029
8,3030
32,3031
32,3032
31,3033
7,3034
27,3035
27,3036
7,3037
1,3038
1,3039
8,3040
27,3041
32,3042
1,3043
31,3044
8,3045
18,3046
4,3047
30,3048
30,3049
30,3050
30,3051
18,3052
25,3053
20,3054
35,3055
34,3056
34,3057
34,3058
12,3059
12,3060
34,3061
34,3062
12,3063
12,3064
34,3065
6,3066
15,3067
22,3068
6,3069
6,3070
14,3071
14,3072
11,3073
6,3074
11,3075
15,3076
22,3077
15,3078
22,3079
17,3080
11,3081
17,3082
6,3083
11,3084
6,3085
14,3086
17,3087
22,3088
15,3089
14,3090
6,3091
17,3092
37,3093
39,3094
16,3095
16,3096
16,3097
23,3098
39,3099
0,3100
21,3101
21,3102
1,3103
27,3104
2,3105
28,3106
29,3107
9,3108
3,3109
16,3110
3,3111
3,3112
16,3113
16,3114
16,3115
39,3116
3,3117
16,3118
39,3119
16,3120
23,3121
3,3122
3,3123
23,3124
39,3125
39,3126
39,3127
23,3128
16,3129
3,3130
39,3131
16,3132
39,3133
3,3134
16,3135
23,3136
39,3137
4,3138
4,3139
5,3140
38,3141
38,3142
38,3143
10,3144
10,3145
5,3146
5,3147
6,3148
19,3149
14,3150
19,3151
19,3152
7,3153
1,3154
7,3155
7,3156
32,3157
1,3158
7,3159
32,3160
7,3161
27,3162
7,3163
1,3164
32,3165
8,3166
1,3167
1,3168
7,3169
7,3170
27,3171
32,3172
7,3173
1,3174
27,3175
27,3176
27,3177
32,3178
27,3179
32,3180
7,3181
31,3182
8,3183
4,3184
18,3185
18,3186
5,3187
10,3188
5,3189
36,3190
6,3191
14,3192
7,3193
27,3194
32,3195
8,3196
27,3197
32,3198
31,3199
32,3200
7,3201
32,3202
32,3203
32,3204
32,3205
31,3206
1,3207
1,3208
32,3209
32,3210
8,3211
32,3212
8,3213
32,3214
27,3215
31,3216
8,3217
7,3218
8,3219
32,3220
27,3221
8,3222
31,3223
1,3224
7,3225
31,3226
27,3227
8,3228
18,3229
4,3230
4,3231
5,3232
10,3233
38,3234
5,3235
6,3236
11,3237
6,3238
17,3239
17,3240
14,3241
11,3242
6,3243
7,3244
31,3245
1,3246
32,3247
1,3248
8,3249
8,3250
32,3251
31,3252
7,3253
27,3254
7,3255
32,3256
31,3257
32,3258
1,3259
27,3260
31,3261
8,3262
31,3263
31,3264
27,3265
31,3266
32,3267
31,3268
27,3269
7,3270
27,3271
32,3272
7,3273
27,3274
8,3275
1,3276
27,3277
27,3278
8,3279
7,3280
1,3281
31,3282
8,3283
8,3284
32,3285
8,3286
7,3287
7,3288
7,3289
1,3290
8,3291
8,3292
18,3293
25,3294
25,3295
33,3296
33,3297
20,3298
33,3299
20,3300
33,3301
35,3302
34,3303
34,3304
6,3305
17,3306
14,3307
19,3308
6,3309
6,3310
15,3311
6,3312
6,3313
15,3314
15,3315
15,3316
22,3317
11,3318
14,3319
11,3320
22,3321
11,3322
11,3323
15,3324
17,3325
37,3326
37,3327
2,3328
2,3329
9,3330
9,3331
29,3332
9,3333
2,3334
28,3335
29,3336
37,3337
39,3338
16,3339
23,3340
39,3341
16,3342
16,3343
23,3344
16,3345
23,3346
23,3347
3,3348
23,3349
39,3350
39,3351
23,3352
3,3353
16,3354
39,3355
23,3356
39,3357
23,3358
16,3359
23,3360
16,3361
39,3362
23,3363
16,3364
3,3365
16,3366
3,3367
16,3368
39,3369
23,3370
23,3371
39,3372
3,3373
3,3374
39,3375
39,3376
23,3377
16,3378
23,3379
16,3380
16,3381
16,3382
23,3383
24,3384
26,3385
10,3386
26,3387
38,3388
38,3389
38,3390
10,3391
10,3392
5,3393
36,3394
13,3395
13,3396
36,3397
13,3398
13,3399
13,3400
13,3401
36,3402
36,3403
13,3404
27,3405
27,3406
31,3407
8,3408
1,3409
7,3410
7,3411
1,3412
7,3413
7,3414
31,3415
1,3416
7,3417
31,3418
31,3419
32,3420
27,3421
32,3422
7,3423
1,3424
31,3425
27,3426
31,3427
32,3428
27,3429
7,3430
27,3431
7,3432
7,3433
27,3434
32,3435
27,3436
32,3437
1,3438
7,3439
7,3440
31,3441
27,3442
31,3443
8,3444
31,3445
7,3446
8,3447
18,3448
25,3449
25,3450
33,3451
20,3452
35,3453
33,3454
33,3455
35,3456
35,3457
20,3458
20,3459
25,3460
35,3461
25,3462
20,3463
33,3464
25,3465
20,3466
33,3467
35,3468
33,3469
25,3470
25,3471
35,3472
33,3473
33,3474
20,3475
25,3476
25,3477
33,3478
35,3479
33,3480
33,3481
0,3482
24,3483
1,3484
27,3485
2,3486
28,3487
29,3488
2,3489
3,3490
16,3491
23,3492
24,3493
26,3494
5,3495
38,3496
26,3497
5,3498
5,3499
26,3500
26,3501
38,3502
10,3503
10,3504
26,3505
26,3506
26,3507
5,3508
36,3509
13,3510
36,3511
13,3512
13,3513
13,3514
27,3515
7,3516
31,3517
1,3518
1,3519
1,3520
1,3521
27,3522
7,3523
32,3524
27,3525
27,3526
27,3527
1,3528
8,3529
27,3530
1,3531
1,3532
27,3533
7,3534
1,3535
7,3536
32,3537
8,3538
7,3539
27,3540
32,3541
32,3542
8,3543
1,3544
7,3545
31,3546
27,3547
1,3548
32,3549
31,3550
1,3551
27,3552
31,3553
27,3554
8,3555
8,3556
18,3557
30,3558
4,3559
4,3560
30,3561
18,3562
25,3563
25,3564
20,3565
33,3566
25,3567
35,3568
35,3569
25,3570
35,3571
33,3572
20,3573
33,3574
33,3575
25,3576
35,3577
35,3578
34,3579
12,3580
12,3581
34,3582
6,3583
14,3584
17,3585
6,3586
15,3587
11,3588
6,3589
6,3590
15,3591
19,3592
15,3593
17,3594
17,3595
15,3596
11,3597
22,3598
15,3599
14,3600
14,3601
17,3602
37,3603
28,3604
28,3605
28,3606
37,3607
37,3608
39,3609
3,3610
3,3611
23,3612
39,3613
39,3614
39,3615
39,3616
3,3617
3,3618
3,3619
39,3620
23,3621
39,3622
39,3623
16,3624
16,3625
16,3626
39,3627
16,3628
16,3629
39,3630
39,3631
23,3632
39,3633
39,3634
3,3635
23,3636
24,3637
0,3638
21,3639
21,3640
24,3641
0,3642
24,3643
0,3644
4,3645
18,3646
18,3647
5,3648
38,3649
6,3650
17,3651
15,3652
6,3653
7,3654
31,3655
31,3656
32,3657
1,3658
1,3659
4,3660
4,3661
18,3662
25,3663
20,3664
20,3665
5,3666
38,3667
6,3668
11,3669
7,3670
1,3671
31,3672
31,3673
1,3674
27,3675
1,3676
1,3677
1,3678
8,3679
7,3680
8,3681
8,3682
18,3683
18,3684
18,3685
18,3686
4,3687
18,3688
25,3689
33,3690
25,3691
33,3692
25,3693
20,3694
4,3695
4,3696
5,3697
10,3698
26,3699
10,3700
5,3701
6,3702
19,3703
7,3704
1,3705
27,3706
1,3707
8,3708
31,3709
7,3710
31,3711
27,3712
7,3713
7,3714
8,3715
27,3716
8,3717
27,3718
8,3719
1,3720
27,3721
31,3722
8,3723
18,3724
4,3725
30,3726
4,3727
18,3728
30,3729
30,3730
18,3731
18,3732
25,3733
20,3734
33,3735
20,3736
25,3737
20,3738
33,3739
33,3740
20,3741
33,3742
20,3743
25,3744
25,3745
25,3746
25,3747
25,3748
20,3749
20,3750
33,3751
20,3752
20,3753
20,3754
25,3755
25,3756
20,3757
33,3758
20,3759
33,3760
33,3761
25,3762
25,3763
33,3764
33,3765
25,3766
35,3767
20,3768
25,3769
25,3770
20,3771
35,3772
34,3773
6,3774
22,3775
15,3776
6,3777
17,3778
19,3779
15,3780
6,3781
6,3782
11,3783
14,3784
19,3785
11,3786
15,3787
17,3788
15,3789
11,3790
14,3791
22,3792
19,3793
6,3794
14,3795
11,3796
17,3797
11,3798
11,3799
19,3800
15,3801
17,3802
14,3803
17,3804
14,3805
6,3806
6,3807
22,3808
15,3809
19,3810
11,3811
14,3812
22,3813
22,3814
6,3815
11,3816
19,3817
19,3818
11,3819
6,3820
11,3821
19,3822
22,3823
15,3824
17,3825
15,3826
17,3827
15,3828
17,3829
19,3830
22,3831
19,3832
19,3833
22,3834
15,3835
22,3836
17,3837
37,3838
39,3839
23,3840
24,3841
26,3842
5,3843
10,3844
5,3845
38,3846
10,3847
5,3848
36,3849
13,3850
13,3851
13,3852
27,3853
1,3854
7,3855
31,3856
32,3857
27,3858
27,3859
27,3860
1,3861
8,3862
31,3863
32,3864
27,3865
1,3866
8,3867
1,3868
32,3869
1,3870
27,3871
27,3872
27,3873
31,3874
7,3875
7,3876
1,3877
7,3878
32,3879
8,3880
8,3881
8,3882
1,3883
8,3884
4,3885
30,3886
4,3887
5,3888
10,3889
26,3890
38,3891
6,3892
14,3893
22,3894
6,3895
14,3896
11,3897
11,3898
7,3899
32,3900
27,3901
1,3902
32,3903
8,3904
8,3905
18,3906
4,3907
18,3908
18,3909
18,3910
18,3911
18,3912
30,3913
18,3914
18,3915
30,3916
4,3917
30,3918
18,3919
25,3920
25,3921
20,3922
25,3923
20,3924
20,3925
25,3926
33,3927
20,3928
25,3929
20,3930
33,3931
33,3932
25,3933
33,3934
33,3935
20,3936
35,3937
20,3938
33,3939
20,3940
20,3941
35,3942
20,3943
35,3944
33,3945
35,3946
33,3947
35,3948
34,3949
12,3950
12,3951
12,3952
34,3953
6,3954
19,3955
6,3956
14,3957
22,3958
22,3959
22,3960
19,3961
15,3962
6,3963
6,3964
22,3965
14,3966
14,3967
19,3968
6,3969
11,3970
6,3971
14,3972
17,3973
14,3974
6,3975
15,3976
14,3977
19,3978
19,3979
15,3980
14,3981
14,3982
22,3983
11,3984
17,3985
17,3986
11,3987
14,3988
19,3989
14,3990
17,3991
17,3992
15,3993
15,3994
14,3995
19,3996
6,3997
15,3998
17,3999
6,4000
17,4001
6,4002
14,4003
6,4004
17,4005
22,4006
17,4007
17,4008
11,4009
22,4010
14,4011
15,4012
22,4013
14,4014
19,4015
11,4016
15,4017
14,4018
19,4019
17,4020
37,4021
2,4022
2,4023
28,4024
37,4025
39,4026
39,4027
16,4028
16,4029
16,4030
23,4031
39,4032
16,4033
16,4034
23,4035
3,4036
39,4037
16,4038
23,4039
16,4040
16,4041
3,4042
3,4043
23,4044
39,4045
23,4046
39,4047
23,4048
16,4049
16,4050
3,4051
3,4052
23,4053
23,4054
23,4055
24,4056
26,4057
10,4058
26,4059
26,4060
38,4061
26,4062
10,4063
38,4064
10,4065
10,4066
26,4067
38,4068
26,4069
5,4070
36,4071
36,4072
36,4073
36,4074
13,4075
13,4076
13,4077
36,4078
36,4079
13,4080
13,4081
36,4082
13,4083
27,4084
8,4085
18,4086
4,4087
18,4088
18,4089
25,4090
25,4091
20,4092
25,4093
25,4094
25,4095
33,4096
33,4097
33,4098
20,4099
33,4100
35,4101
33,4102
20,4103
20,4104
25,4105
25,4106
20,4107
20,4108
20,4109
33,4110
35,4111
20,4112
20,4113
33,4114
35,4115
34,4116
12,4117
12,4118
34,4119
34,4120
34,4121
12,4122
12,4123
34,4124
4,4125
4,4126
5,4127
26,4128
5,4129
6,4130
15,4131
17,4132
7,4133
8,4134
8,4135
1,4136
8,4137
8,4138
8,4139
27,4140
27,4141
8,4142
32,4143
8,4144
1,4145
7,4146
27,4147
8,4148
18,4149
4,4150
4,4151
30,4152
4,4153
30,4154
30,4155
30,4156
18,4157
30,4158
4,4159
18,4160
18,4161
30,4162
18,4163
18,4164
25,4165
35,4166
35,4167
25,4168
33,4169
35,4170
35,4171
25,4172
35,4173
33,4174
25,4175
35,4176
35,4177
20,4178
25,4179
33,4180
25,4181
25,4182
33,4183
25,4184
25,4185
25,4186
25,4187
33,4188
20,4189
20,4190
20,4191
25,4192
25,4193
33,4194
25,4195
35,4196
33,4197
20,4198
35,4199
35,4200
33,4201
20,4202
25,4203
35,4204
35,4205
35,4206
35,4207
25,4208
35,4209
20,4210
20,4211
35,4212
20,4213
33,4214
35,4215
20,4216
33,4217
20,4218
20,4219
20,4220
35,4221
35,4222
20,4223
20,4224
35,4225
35,4226
20,4227
35,4228
35,4229
33,4230
33,4231
35,4232
20,4233
20,4234
35,4235
25,4236
20,4237
20,4238
20,4239
25,4240
25,4241
35,4242
20,4243
25,4244
35,4245
34,4246
6,4247
22,4248
22,4249
19,4250
14,4251
11,4252
14,4253
14,4254
17,4255
15,4256
17,4257
11,4258
11,4259
11,4260
22,4261
6,4262
17,4263
37,4264
39,4265
16,4266
39,4267
16,4268
23,4269
3,4270
39,4271
23,4272
16,4273
16,4274
3,4275
23,4276
23,4277
39,4278
39,4279
23,4280
16,4281
3,4282
3,4283
3,4284
39,4285
16,4286
3,4287
23,4288
24,4289
24,4290
0,4291
21,4292
24,4293
24,4294
21,4295
24,4296
26,4297
10,4298
38,4299
26,4300
26,4301
5,4302
36,4303
13,4304
27,4305
1,4306
7,4307
32,4308
1,4309
7,4310
1,4311
31,4312
1,4313
32,4314
31,4315
7,4316
27,4317
7,4318
7,4319
8,4320
32,4321
7,4322
7,4323
31,4324
7,4325
1,4326
1,4327
31,4328
32,4329
32,4330
32,4331
7,4332
1,4333
32,4334
27,4335
7,4336
27,4337
8,4338
7,4339
1,4340
27,4341
8,4342
18,4343
25,4344
33,4345
35,4346
34,4347
34,4348
6,4349
19,4350
6,4351
15,4352
14,4353
11,4354
17,4355
22,4356
14,4357
22,4358
19,4359
19,4360
17,4361
17,4362
17,4363
22,4364
17,4365
6,4366
15,4367
22,4368
15,4369
6,4370
11,4371
6,4372
0,4373
0,4374
24,4375
1,4376
31,4377
7,4378
2,4379
9,4380
2,4381
3,4382
3,4383
23,4384
23,4385
3,4386
23,4387
24,4388
24,4389
24,4390
26,4391
38,4392
5,4393
38,4394
5,4395
10,4396
10,4397
5,4398
36,4399
36,4400
13,4401
13,4402
36,4403
36,4404
13,4405
36,4406
36,4407
36,4408
36,4409
13,4410
13,4411
27,4412
7,4413
7,4414
1,4415
31,4416
8,4417
32,4418
27,4419
1,4420
31,4421
32,4422
27,4423
31,4424
27,4425
31,4426
7,4427
1,4428
27,4429
31,4430
32,4431
32,4432
7,4433
27,4434
27,4435
27,4436
1,4437
7,4438
32,4439
32,4440
31,4441
1,4442
1,4443
27,4444
32,4445
8,4446
7,4447
31,4448
27,4449
27,4450
1,4451
7,4452
27,4453
27,4454
32,4455
27,4456
8,4457
1,4458
7,4459
1,4460
31,4461
7,4462
8,4463
8,4464
31,4465
27,4466
8,4467
31,4468
32,4469
1,4470
1,4471
31,4472
32,4473
1,4474
1,4475
32,4476
27,4477
31,4478
1,4479
32,4480
1,4481
31,4482
7,4483
1,4484
27,4485
27,4486
27,4487
27,4488
1,4489
32,4490
32,4491
27,4492
8,4493
27,4494
31,4495
7,4496
31,4497
8,4498
18,4499
25,4500
35,4501
20,4502
20,4503
33,4504
35,4505
35,4506
20,4507
25,4508
33,4509
33,4510
20,4511
25,4512
25,4513
33,4514
33,4515
35,4516
25,4517
20,4518
33,4519
25,4520
25,4521
33,4522
20,4523
35,4524
35,4525
25,4526
25,4527
20,4528
25,4529
33,4530
33,4531
20,4532
20,4533
35,4534
35,4535
25,4536
35,4537
20,4538
35,4539
20,4540
35,4541
35,4542
35,4543
20,4544
35,4545
25,4546
35,4547
33,4548
33,4549
20,4550
20,4551
33,4552
20,4553
25,4554
33,4555
20,4556
20,4557
20,4558
35,4559
20,4560
25,4561
20,4562
35,4563
35,4564
33,4565
20,4566
35,4567
35,4568
35,4569
25,4570
33,4571
35,4572
34,4573
34,4574
34,4575
6,4576
14,4577
6,4578
19,4579
6,4580
17,4581
37,4582
9,4583
28,4584
28,4585
29,4586
28,4587
9,4588
29,4589
2,4590
29,4591
37,4592
2,4593
37,4594
39,4595
39,4596
16,4597
16,4598
23,4599
24,4600
24,4601
0,4602
24,4603
24,4604
0,4605
24,4606
26,4607
26,4608
38,4609
10,4610
10,4611
10,4612
10,4613
26,4614
26,4615
38,4616
38,4617
5,4618
38,4619
10,4620
38,4621
10,4622
38,4623
10,4624
26,4625
5,4626
26,4627
5,4628
5,4629
38,4630
5,4631
26,4632
4,4633
4,4634
5,4635
10,4636
6,4637
17,4638
7,4639
31,4640
31,4641
7,4642
7,4643
7,4644
8,4645
18,4646
18,4647
30,4648
30,4649
18,4650
25,4651
35,4652
33,4653
25,4654
35,4655
25,4656
25,4657
20,4658
35,4659
20,4660
25,4661
4,4662
30,4663
5,4664
36,4665
13,4666
6,4667
14,4668
6,4669
22,4670
22,4671
17,4672
7,4673
27,4674
27,4675
32,4676
1,4677
7,4678
27,4679
32,4680
27,4681
27,4682
1,4683
27,4684
7,4685
27,4686
31,4687
1,4688
7,4689
8,4690
18,4691
30,4692
18,4693
4,4694
18,4695
4,4696
4,4697
30,4698
30,4699
18,4700
25,4701
20,4702
33,4703
25,4704
20,4705
33,4706
25,4707
25,4708
20,4709
25,4710
35,4711
20,4712
35,4713
34,4714
6,4715
6,4716
17,4717
37,4718
28,4719
28,4720
28,4721
29,4722
28,4723
37,4724
39,4725
3,4726
23,4727
39,4728
23,4729
23,4730
3,4731
39,4732
39,4733
16,4734
3,4735
23,4736
23,4737
16,4738
3,4739
16,4740
23,4741
23,4742
16,4743
3,4744
23,4745
23,4746
16,4747
3,4748
39,4749
16,4750
16,4751
16,4752
39,4753
39,4754
16,4755
3,4756
3,4757
39,4758
0,4759
24,4760
21,4761
21,4762
1,4763
31,4764
2,4765
37,4766
29,4767
37,4768
3,4769
16,4770
39,4771
23,4772
16,4773
23,4774
23,4775
3,4776
23,4777
3,4778
16,4779
3,4780
39,4781
23,4782
24,4783
0,4784
21,4785
21,4786
21,4787
0,4788
21,4789
24,4790
21,4791
0,4792
24,4793
21,4794
0,4795
21,4796
21,4797
24,4798
21,4799
24,4800
21,4801
24,4802
4,4803
4,4804
30,4805
30,4806
5,4807
36,4808
36,4809
13,4810
6,4811
17,4812
7,4813
1,4814
1,4815
7,4816
31,4817
27,4818
7,4819
1,4820
32,4821
7,4822
32,4823
8,4824
27,4825
27,4826
27,4827
27,4828
32,4829
32,4830
7,4831
32,4832
1,4833
8,4834
7,4835
27,4836
32,4837
7,4838
7,4839
27,4840
0,4841
24,4842
1,4843
8,4844
18,4845
30,4846
18,4847
2,4848
2,4849
3,4850
39,4851
23,4852
3,4853
23,4854
16,4855
16,4856
23,4857
16,4858
39,4859
39,4860
3,4861
39,4862
16,4863
16,4864
23,4865
39,4866
3,4867
39,4868
16,4869
3,4870
39,4871
3,4872
23,4873
16,4874
16,4875
39,4876
39,4877
3,4878
16,4879
39,4880
23,4881
24,4882
26,4883
26,4884
5,4885
38,4886
5,4887
36,4888
13,4889
27,4890
7,4891
7,4892
27,4893
32,4894
1,4895
31,4896
31,4897
4,4898
30,4899
5,4900
5,4901
36,4902
36,4903
6,4904
11,4905
6,4906
7,4907
8,4908
18,4909
18,4910
4,4911
4,4912
4,4913
18,4914
30,4915
30,4916
4,4917
4,4918
18,4919
4,4920
4,4921
18,4922
25,4923
20,4924
20,4925
25,4926
20,4927
33,4928
33,4929
25,4930
25,4931
20,4932
35,4933
25,4934
20,4935
25,4936
35,4937
20,4938
33,4939
35,4940
25,4941
20,4942
33,4943
35,4944
33,4945
20,4946
33,4947
25,4948
33,4949
20,4950
33,4951
20,4952
20,4953
35,4954
25,4955
35,4956
20,4957
25,4958
20,4959
35,4960
20,4961
20,4962
20,4963
35,4964
25,4965
33,4966
35,4967
35,4968
35,4969
33,4970
35,4971
35,4972
34,4973
12,4974
34,4975
34,4976
12,4977
12,4978
34,4979
34,4980
34,4981
6,4982
14,4983
15,4984
15,4985
17,4986
11,4987
6,4988
15,4989
6,4990
15,4991
19,4992
19,4993
6,4994
14,4995
14,4996
14,4997
17,4998
19,4999
0,5000
24,5001
26,5002
1,5003
31,5004
27,5005
8,5006
7,5007
7,5008
8,5009
1,5010
27,5011
2,5012
2,5013
3,5014
23,5015
23,5016
3,5017
16,5018
16,5019
3,5020
39,5021
39,5022
16,5023
3,5024
39,5025
39,5026
39,5027
39,5028
16,5029
23,5030
23,5031
39,5032
3,5033
16,5034
16,5035
3,5036
3,5037
3,5038
23,5039
23,5040
24,5041
21,5042
24,5043
0,5044
21,5045
24,5046
21,5047
1,5048
31,5049
2,5050
37,5051
3,5052
23,5053
3,5054
4,5055
30,5056
5,5057
5,5058
10,5059
38,5060
6,5061
19,5062
7,5063
32,5064
7,5065
1,5066
7,5067
27,5068
32,5069
8,5070
18,5071
4,5072
30,5073
4,5074
30,5075
4,5076
4,5077
4,5078
18,5079
30,5080
18,5081
18,5082
30,5083
30,5084
18,5085
30,5086
4,5087
4,5088
18,5089
18,5090
30,5091
30,5092
18,5093
4,5094
4,5095
30,5096
4,5097
18,5098
25,5099
33,5100
35,5101
33,5102
25,5103
35,5104
33,5105
35,5106
34,5107
12,5108
34,5109
34,5110
6,5111
14,5112
4,5113
4,5114
5,5115
38,5116
6,5117
22,5118
6,5119
7,5120
31,5121
32,5122
7,5123
32,5124
7,5125
1,5126
27,5127
27,5128
1,5129
1,5130
8,5131
8,5132
1,5133
32,5134
1,5135
8,5136
31,5137
32,5138
31,5139
7,5140
31,5141
8,5142
7,5143
1,5144
1,5145
8,5146
1,5147
7,5148
1,5149
1,5150
7,5151
31,5152
31,5153
27,5154
1,5155
32,5156
32,5157
31,5158
8,5159
31,5160
1,5161
7,5162
7,5163
27,5164
27,5165
27,5166
31,5167
32,5168
31,5169
31,5170
7,5171
32,5172
1,5173
27,5174
32,5175
7,5176
7,5177
31,5178
1,5179
31,5180
7,5181
27,5182
27,5183
1,5184
31,5185
8,5186
0,5187
21,5188
24,5189
0,5190
21,5191
24,5192
1,5193
8,5194
7,5195
8,5196
7,5197
32,5198
2,5199
29,5200
2,5201
28,5202
2,5203
2,5204
2,5205
3,5206
23,5207
3,5208
39,5209
3,5210
16,5211
3,5212
16,5213
23,5214
23,5215
16,5216
3,5217
16,5218
3,5219
3,5220
16,5221
23,5222
3,5223
23,5224
3,5225
3,5226
39,5227
16,5228
23,5229
3,5230
16,5231
23,5232
16,5233
16,5234
3,5235
23,5236
23,5237
3,5238
4,5239
4,5240
5,5241
36,5242
13,5243
6,5244
11,5245
7,5246
1,5247
27,5248
8,5249
8,5250
1,5251
8,5252
7,5253
8,5254
18,5255
4,5256
30,5257
30,5258
18,5259
4,5260
18,5261
18,5262
18,5263
18,5264
30,5265
18,5266
30,5267
4,5268
4,5269
18,5270
4,5271
30,5272
18,5273
25,5274
33,5275
33,5276
33,5277
33,5278
35,5279
34,5280
12,5281
12,5282
12,5283
12,5284
34,5285
34,5286
6,5287
15,5288
14,5289
6,5290
17,5291
14,5292
11,5293
11,5294
19,5295
11,5296
17,5297
6,5298
0,5299
24,5300
1,5301
31,5302
2,5303
37,5304
9,5305
3,5306
23,5307
39,5308
39,5309
16,5310
23,5311
3,5312
3,5313
3,5314
39,5315
23,5316
23,5317
3,5318
39,5319
3,5320
3,5321
3,5322
23,5323
24,5324
26,5325
26,5326
26,5327
26,5328
5,5329
36,5330
13,5331
36,5332
36,5333
13,5334
27,5335
1,5336
31,5337
32,5338
31,5339
31,5340
7,5341
8,5342
32,5343
31,5344
7,5345
7,5346
27,5347
27,5348
27,5349
27,5350
27,5351
7,5352
1,5353
8,5354
1,5355
32,5356
1,5357
8,5358
31,5359
31,5360
8,5361
7,5362
32,5363
1,5364
27,5365
27,5366
7,5367
7,5368
32,5369
7,5370
31,5371
1,5372
31,5373
32,5374
1,5375
31,5376
27,5377
32,5378
31,5379
8,5380
18,5381
30,5382
18,5383
4,5384
18,5385
4,5386
30,5387
18,5388
4,5389
4,5390
30,5391
30,5392
30,5393
18,5394
30,5395
4,5396
30,5397
30,5398
18,5399
30,5400
30,5401
4,5402
4,5403
4,5404
4,5405
18,5406
4,5407
30,5408
4,5409
18,5410
30,5411
30,5412
18,5413
25,5414
20,5415
25,5416
20,5417
35,5418
34,5419
12,5420
12,5421
12,5422
34,5423
12,5424
12,5425
34,5426
6,5427
17,5428
14,5429
6,5430
22,5431
14,5432
11,5433
14,5434
11,5435
11,5436
11,5437
11,5438
19,5439
19,5440
11,5441
6,5442
17,5443
14,5444
22,5445
15,5446
15,5447
6,5448
11,5449
11,5450
11,5451
14,5452
22,5453
19,5454
19,5455
22,5456
15,5457
6,5458
22,5459
17,5460
17,5461
19,5462
17,5463
14,5464
22,5465
17,5466
14,5467
14,5468
14,5469
22,5470
14,5471
14,5472
11,5473
15,5474
19,5475
17,5476
11,5477
19,5478
6,5479
17,5480
14,5481
6,5482
19,5483
19,5484
14,5485
22,5486
0,5487
0,5488
21,5489
1,5490
7,5491
2,5492
9,5493
3,5494
39,5495
16,5496
3,5497
23,5498
39,5499
16,5500
39,5501
39,5502
39,5503
3,5504
3,5505
3,5506
39,5507
39,5508
23,5509
3,5510
3,5511
23,5512
23,5513
39,5514
3,5515
3,5516
23,5517
16,5518
39,5519
23,5520
16,5521
23,5522
39,5523
23,5524
23,5525
16,5526
39,5527
16,5528
23,5529
39,5530
3,5531
3,5532
39,5533
16,5534
39,5535
3,5536
16,5537
3,5538
39,5539
39,5540
16,5541
16,5542
16,5543
3,5544
0,5545
0,5546
0,5547
1,5548
31,5549
7,5550
1,5551
1,5552
2,5553
37,5554
3,5555
23,5556
39,5557
3,5558
23,5559
39,5560
16,5561
3,5562
23,5563
23,5564
39,5565
16,5566
3,5567
3,5568
16,5569
39,5570
16,5571
39,5572
23,5573
16,5574
3,5575
39,5576
3,5577
39,5578
3,5579
3,5580
39,5581
39,5582
23,5583
23,5584
3,5585
23,5586
24,5587
24,5588
0,5589
0,5590
0,5591
24,5592
26,5593
5,5594
5,5595
5,5596
36,5597
36,5598
13,5599
36,5600
36,5601
13,5602
27,5603
7,5604
1,5605
7,5606
1,5607
8,5608
7,5609
7,5610
8,5611
18,5612
4,5613
18,5614
30,5615
18,5616
4,5617
18,5618
4,5619
30,5620
4,5621
4,5622
30,5623
18,5624
30,5625
30,5626
30,5627
18,5628
25,5629
35,5630
34,5631
34,5632
6,5633
14,5634
22,5635
6,5636
15,5637
22,5638
14,5639
17,5640
37,5641
9,5642
29,5643
37,5644
29,5645
9,5646
9,5647
28,5648
37,5649
37,5650
9,5651
4,5652
4,5653
30,5654
18,5655
18,5656
18,5657
5,5658
26,5659
26,5660
6,5661
15,5662
11,5663
17,5664
37,5665
37,5666
7,5667
7,5668
27,5669
32,5670
8,5671
31,5672
32,5673
8,5674
32,5675
1,5676
7,5677
32,5678
27,5679
31,5680
32,5681
7,5682
7,5683
32,5684
1,5685
27,5686
1,5687
8,5688
27,5689
31,5690
31,5691
1,5692
32,5693
32,5694
8,5695
8,5696
32,5697
31,5698
32,5699
27,5700
8,5701
8,5702
4,5703
18,5704
5,5705
38,5706
6,5707
19,5708
7,5709
7,5710
7,5711
32,5712
8,5713
7,5714
32,5715
7,5716
31,5717
1,5718
27,5719
27,5720
1,5721
27,5722
27,5723
31,5724
32,5725
32,5726
1,5727
31,5728
8,5729
7,5730
7,5731
1,5732
7,5733
32,5734
7,5735
27,5736
31,5737
8,5738
7,5739
31,5740
32,5741
7,5742
7,5743
31,5744
27,5745
0,5746
24,5747
1,5748
7,5749
32,5750
2,5751
28,5752
3,5753
3,5754
39,5755
4,5756
18,5757
5,5758
36,5759
36,5760
6,5761
19,5762
7,5763
8,5764
18,5765
18,5766
18,5767
25,5768
20,5769
25,5770
25,5771
35,5772
35,5773
20,5774
25,5775
33,5776
25,5777
33,5778
35,5779
20,5780
35,5781
34,5782
34,5783
12,5784
34,5785
34,5786
34,5787
6,5788
11,5789
17,5790
14,5791
14,5792
14,5793
14,5794
17,5795
19,5796
22,5797
19,5798
22,5799
11,5800
22,5801
22,5802
17,5803
0,5804
0,5805
21,5806
21,5807
24,5808
26,5809
1,5810
31,5811
2,5812
28,5813
29,5814
3,5815
3,5816
39,5817
3,5818
16,5819
16,5820
3,5821
16,5822
3,5823
23,5824
39,5825
16,5826
23,5827
16,5828
16,5829
23,5830
39,5831
16,5832
16,5833
16,5834
23,5835
4,5836
4,5837
30,5838
30,5839
30,5840
5,5841
26,5842
38,5843
6,5844
17,5845
7,5846
31,5847
27,5848
1,5849
32,5850
32,5851
8,5852
1,5853
32,5854
7,5855
27,5856
8,5857
18,5858
25,5859
35,5860
34,5861
6,5862
17,5863
14,5864
11,5865
11,5866
15,5867
6,5868
6,5869
22,5870
15,5871
17,5872
17,5873
19,5874
19,5875
22,5876
15,5877
14,5878
22,5879
19,5880
11,5881
6,5882
14,5883
11,5884
19,5885
22,5886
6,5887
22,5888
14,5889
15,5890
22,5891
19,5892
19,5893
6,5894
17,5895
6,5896
19,5897
11,5898
22,5899
17,5900
6,5901
11,5902
11,5903
11,5904
14,5905
17,5906
19,5907
0,5908
0,5909
1,5910
7,5911
1,5912
2,5913
28,5914
28,5915
3,5916
23,5917
23,5918
24,5919
4,5920
30,5921
4,5922
30,5923
5,5924
26,5925
5,5926
26,5927
6,5928
22,5929
11,5930
17,5931
7,5932
8,5933
18,5934
4,5935
4,5936
5,5937
38,5938
6,5939
15,5940
7,5941
1,5942
1,5943
8,5944
27,5945
7,5946
27,5947
31,5948
31,5949
31,5950
8,5951
8,5952
31,5953
32,5954
32,5955
31,5956
8,5957
1,5958
27,5959
32,5960
31,5961
7,5962
32,5963
27,5964
1,5965
32,5966
31,5967
32,5968
1,5969
1,5970
1,5971
32,5972
27,5973
27,5974
8,5975
7,5976
27,5977
31,5978
1,5979
8,5980
27,5981
8,5982
8,5983
18,5984
4,5985
18,5986
4,5987
4,5988
30,5989
30,5990
30,5991
30,5992
4,5993
4,5994
30,5995
4,5996
30,5997
18,5998
4,5999
4,6000
4,6001
30,6002
30,6003
4,6004
4,6005
4,6006
4,6007
4,6008
30,6009
4,6010
4,6011
30,6012
4,6013
30,6014
30,6015
18,6016
25,6017
35,6018
25,6019
20,6020
25,6021
25,6022
35,6023
35,6024
34,6025
12,6026
12,6027
12,6028
12,6029
12,6030
12,6031
12,6032
12,6033
34,6034
12,6035
34,6036
34,6037
34,6038
34,6039
12,6040
12,6041
12,6042
12,6043
12,6044
12,6045
4,6046
18,6047
25,6048
5,6049
38,6050
6,6051
17,6052
19,6053
6,6054
7,6055
32,6056
7,6057
32,6058
27,6059
8,6060
8,6061
7,6062
1,6063
1,6064
31,6065
31,6066
1,6067
1,6068
32,6069
27,6070
27,6071
27,6072
32,6073
1,6074
27,6075
27,6076
32,6077
7,6078
32,6079
31,6080
32,6081
31,6082
27,6083
32,6084
8,6085
1,6086
27,6087
32,6088
8,6089
7,6090
31,6091
31,6092
1,6093
32,6094
32,6095
27,6096
8,6097
1,6098
32,6099
32,6100
31,6101
27,6102
7,6103
27,6104
7,6105
1,6106
31,6107
7,6108
31,6109
31,6110
7,6111
8,6112
7,6113
27,6114
32,6115
27,6116
1,6117
8,6118
27,6119
1,6120
31,6121
31,6122
32,6123
8,6124
31,6125
31,6126
1,6127
1,6128
31,6129
32,6130
27,6131
1,6132
7,6133
32,6134
27,6135
27,6136
1,6137
1,6138
8,6139
31,6140
8,6141
31,6142
27,6143
1,6144
1,6145
32,6146
7,6147
8,6148
1,6149
8,6150
8,6151
0,6152
24,6153
1,6154
27,6155
2,6156
29,6157
3,6158
3,6159
39,6160
16,6161
0,6162
21,6163
21,6164
1,6165
32,6166
2,6167
9,6168
29,6169
9,6170
3,6171
16,6172
16,6173
23,6174
24,6175
24,6176
26,6177
10,6178
10,6179
5,6180
10,6181
10,6182
10,6183
5,6184
38,6185
26,6186
5,6187
36,6188
13,6189
13,6190
36,6191
36,6192
36,6193
36,6194
36,6195
13,6196
36,6197
36,6198
36,6199
36,6200
36,6201
36,6202
13,6203
27,6204
1,6205
1,6206
27,6207
7,6208
4,6209
30,6210
30,6211
5,6212
36,6213
13,6214
36,6215
13,6216
27,6217
1,6218
6,6219
15,6220
7,6221
31,6222
32,6223
8,6224
1,6225
31,6226
27,6227
1,6228
31,6229
1,6230
31,6231
27,6232
8,6233
7,6234
1,6235
31,6236
27,6237
27,6238
4,6239
18,6240
5,6241
26,6242
6,6243
15,6244
15,6245
15,6246
7,6247
31,6248
8,6249
27,6250
8,6251
18,6252
18,6253
30,6254
4,6255
30,6256
4,6257
30,6258
30,6259
30,6260
18,6261
30,6262
4,6263
4,6264
30,6265
4,6266
30,6267
30,6268
30,6269
18,6270
18,6271
30,6272
18,6273
4,6274
30,6275
18,6276
18,6277
25,6278
20,6279
35,6280
34,6281
34,6282
12,6283
34,6284
6,6285
15,6286
6,6287
11,6288
15,6289
17,6290
22,6291
14,6292
22,6293
22,6294
6,6295
6,6296
15,6297
6,6298
11,6299
11,6300
11,6301
17,6302
15,6303
19,6304
17,6305
11,6306
11,6307
6,6308
14,6309
11,6310
6,6311
19,6312
14,6313
15,6314
6,6315
14,6316
17,6317
37,6318
29,6319
37,6320
9,6321
9,6322
28,6323
37,6324
39,6325
39,6326
39,6327
39,6328
3,6329
39,6330
3,6331
39,6332
16,6333
39,6334
39,6335
3,6336
4,6337
30,6338
5,6339
10,6340
6,6341
22,6342
7,6343
1,6344
31,6345
27,6346
32,6347
8,6348
8,6349
27,6350
27,6351
8,6352
7,6353
27,6354
8,6355
18,6356
30,6357
4,6358
30,6359
18,6360
4,6361
4,6362
18,6363
30,6364
30,6365
18,6366
4,6367
18,6368
30,6369
18,6370
30,6371
18,6372
25,6373
35,6374
35,6375
25,6376
35,6377
20,6378
33,6379
33,6380
35,6381
25,6382
25,6383
33,6384
20,6385
35,6386
20,6387
33,6388
20,6389
33,6390
35,6391
33,6392
20,6393
35,6394
34,6395
34,6396
12,6397
12,6398
12,6399
34,6400
6,6401
15,6402
11,6403
6,6404
15,6405
6,6406
11,6407
14,6408
22,6409
19,6410
19,6411
14,6412
14,6413
14,6414
14,6415
11,6416
15,6417
17,6418
19,6419
11,6420
19,6421
19,6422
15,6423
17,6424
15,6425
15,6426
11,6427
11,6428
19,6429
22,6430
15,6431
6,6432
6,6433
15,6434
22,6435
22,6436
14,6437
22,6438
22,6439
17,6440
17,6441
6,6442
14,6443
19,6444
14,6445
15,6446
17,6447
37,6448
28,6449
29,6450
29,6451
28,6452
28,6453
29,6454
2,6455
2,6456
9,6457
9,6458
9,6459
9,6460
9,6461
9,6462
2,6463
37,6464
39,6465
23,6466
3,6467
23,6468
23,6469
24,6470
24,6471
21,6472
21,6473
21,6474
21,6475
24,6476
21,6477
24,6478
24,6479
21,6480
21,6481
21,6482
24,6483
26,6484
5,6485
5,6486
38,6487
38,6488
38,6489
26,6490
5,6491
5,6492
10,6493
38,6494
38,6495
26,6496
10,6497
5,6498
36,6499
36,6500
36,6501
36,6502
36,6503
36,6504
36,6505
13,6506
36,6507
36,6508
36,6509
36,6510
13,6511
13,6512
27,6513
1,6514
27,6515
31,6516
31,6517
31,6518
27,6519
8,6520
32,6521
1,6522
1,6523
8,6524
31,6525
8,6526
27,6527
1,6528
32,6529
32,6530
1,6531
31,6532
7,6533
7,6534
32,6535
27,6536
31,6537
1,6538
7,6539
27,6540
1,6541
32,6542
1,6543
1,6544
27,6545
8,6546
27,6547
1,6548
31,6549
27,6550
1,6551
8,6552
8,6553
8,6554
27,6555
1,6556
31,6557
27,6558
1,6559
8,6560
32,6561
31,6562
31,6563
27,6564
7,6565
7,6566
7,6567
7,6568
32,6569
27,6570
8,6571
27,6572
8,6573
7,6574
27,6575
32,6576
27,6577
32,6578
31,6579
7,6580
27,6581
8,6582
32,6583
7,6584
8,6585
27,6586
8,6587
31,6588
32,6589
1,6590
7,6591
31,6592
31,6593
27,6594
7,6595
8,6596
7,6597
8,6598
27,6599
27,6600
32,6601
27,6602
1,6603
32,6604
27,6605
32,6606
32,6607
27,6608
32,6609
27,6610
31,6611
7,6612
27,6613
31,6614
7,6615
27,6616
7,6617
7,6618
1,6619
32,6620
32,6621
32,6622
8,6623
4,6624
30,6625
30,6626
18,6627
4,6628
5,6629
36,6630
6,6631
17,6632
6,6633
19,6634
6,6635
11,6636
7,6637
27,6638
1,6639
27,6640
8,6641
32,6642
31,6643
31,6644
1,6645
32,6646
32,6647
7,6648
1,6649
8,6650
1,6651
8,6652
18,6653
25,6654
25,6655
25,6656
0,6657
24,6658
26,6659
1,6660
31,6661
8,6662
18,6663
25,6664
20,6665
33,6666
2,6667
9,6668
37,6669
37,6670
3,6671
23,6672
16,6673
3,6674
3,6675
16,6676
16,6677
16,6678
4,6679
30,6680
5,6681
38,6682
6,6683
6,6684
7,6685
31,6686
32,6687
7,6688
31,6689
31,6690
32,6691
27,6692
8,6693
32,6694
8,6695
32,6696
31,6697
8,6698
32,6699
7,6700
32,6701
8,6702
18,6703
4,6704
30,6705
4,6706
18,6707
30,6708
18,6709
25,6710
35,6711
25,6712
33,6713
35,6714
33,6715
20,6716
35,6717
25,6718
25,6719
33,6720
35,6721
33,6722
33,6723
33,6724
33,6725
33,6726
20,6727
20,6728
25,6729
33,6730
33,6731
35,6732
33,6733
33,6734
33,6735
20,6736
33,6737
33,6738
25,6739
33,6740
35,6741
35,6742
20,6743
25,6744
35,6745
0,6746
24,6747
0,6748
1,6749
8,6750
1,6751
2,6752
29,6753
3,6754
16,6755
39,6756
3,6757
23,6758
39,6759
3,6760
16,6761
16,6762
39,6763
3,6764
3,6765
23,6766
24,6767
0,6768
24,6769
26,6770
5,6771
38,6772
38,6773
38,6774
10,6775
38,6776
38,6777
5,6778
36,6779
36,6780
13,6781
27,6782
31,6783
1,6784
27,6785
31,6786
31,6787
31,6788
1,6789
7,6790
32,6791
31,6792
7,6793
7,6794
1,6795
7,6796
31,6797
1,6798
31,6799
31,6800
31,6801
32,6802
1,6803
7,6804
32,6805
32,6806
27,6807
7,6808
7,6809
8,6810
1,6811
32,6812
27,6813
32,6814
8,6815
31,6816
31,6817
32,6818
8,6819
7,6820
8,6821
31,6822
32,6823
31,6824
7,6825
7,6826
1,6827
8,6828
7,6829
27,6830
27,6831
31,6832
32,6833
32,6834
8,6835
31,6836
7,6837
8,6838
7,6839
27,6840
31,6841
32,6842
32,6843
27,6844
27,6845
32,6846
1,6847
1,6848
1,6849
32,6850
31,6851
27,6852
32,6853
31,6854
32,6855
31,6856
32,6857
7,6858
32,6859
1,6860
7,6861
27,6862
32,6863
7,6864
8,6865
7,6866
8,6867
27,6868
8,6869
18,6870
18,6871
30,6872
18,6873
18,6874
30,6875
4,6876
4,6877
18,6878
30,6879
30,6880
4,6881
30,6882
18,6883
4,6884
30,6885
18,6886
25,6887
0,6888
24,6889
21,6890
24,6891
1,6892
32,6893
2,6894
29,6895
3,6896
16,6897
3,6898
23,6899
39,6900
3,6901
16,6902
3,6903
3,6904
3,6905
16,6906
39,6907
3,6908
39,6909
16,6910
39,6911
0,6912
21,6913
1,6914
27,6915
8,6916
1,6917
2,6918
28,6919
9,6920
37,6921
3,6922
23,6923
23,6924
24,6925
21,6926
21,6927
24,6928
21,6929
24,6930
21,6931
21,6932
0,6933
0,6934
21,6935
24,6936
26,6937
38,6938
5,6939
10,6940
0,6941
24,6942
26,6943
1,6944
7,6945
27,6946
27,6947
7,6948
2,6949
9,6950
2,6951
3,6952
39,6953
39,6954
3,6955
39,6956
16,6957
3,6958
39,6959
16,6960
39,6961
39,6962
3,6963
3,6964
39,6965
3,6966
39,6967
16,6968
16,6969
39,6970
3,6971
3,6972
3,6973
23,6974
3,6975
3,6976
39,6977
39,6978
39,6979
3,6980
39,6981
16,6982
3,6983
16,6984
3,6985
39,6986
23,6987
23,6988
23,6989
39,6990
16,6991
3,6992
39,6993
23,6994
16,6995
39,6996
3,6997
23,6998
3,6999
23,7000
39,7001
23,7002
3,7003
16,7004
16,7005
3,7006
16,7007
3,7008
39,7009
23,7010
16,7011
3,7012
3,7013
3,7014
23,7015
16,7016
39,7017
39,7018
3,7019
16,7020
23,7021
24,7022
26,7023
26,7024
10,7025
38,7026
5,7027
38,7028
38,7029
38,7030
10,7031
26,7032
10,7033
26,7034
5,7035
36,7036
36,7037
13,7038
27,7039
7,7040
32,7041
32,7042
27,7043
8,7044
7,7045
7,7046
32,7047
27,7048
1,7049
7,7050
7,7051
7,7052
1,7053
7,7054
7,7055
8,7056
18,7057
4,7058
18,7059
30,7060
4,7061
30,7062
30,7063
18,7064
18,7065
25,7066
35,7067
33,7068
20,7069
35,7070
4,7071
4,7072
5,7073
10,7074
6,7075
6,7076
15,7077
7,7078
8,7079
1,7080
7,7081
1,7082
8,7083
31,7084
32,7085
31,7086
32,7087
7,7088
31,7089
32,7090
27,7091
7,7092
8,7093
7,7094
27,7095
8,7096
32,7097
8,7098
27,7099
32,7100
32,7101
27,7102
7,7103
7,7104
31,7105
27,7106
1,7107
8,7108
7,7109
7,7110
4,7111
4,7112
5,7113
38,7114
5,7115
10,7116
6,7117
22,7118
7,7119
8,7120
32,7121
31,7122
31,7123
7,7124
7,7125
31,7126
27,7127
32,7128
1,7129
32,7130
7,7131
32,7132
31,7133
8,7134
7,7135
8,7136
27,7137
31,7138
1,7139
31,7140
27,7141
7,7142
1,7143
27,7144
27,7145
32,7146
7,7147
7,7148
1,7149
7,7150
7,7151
8,7152
7,7153
31,7154
31,7155
32,7156
1,7157
31,7158
32,7159
27,7160
1,7161
27,7162
1,7163
27,7164
31,7165
1,7166
7,7167
1,7168
32,7169
32,7170
7,7171
31,7172
32,7173
27,7174
27,7175
32,7176
27,7177
7,7178
7,7179
31,7180
7,7181
7,7182
27,7183
1,7184
27,7185
1,7186
8,7187
7,7188
8,7189
31,7190
27,7191
31,7192
27,7193
27,7194
32,7195
1,7196
8,7197
32,7198
1,7199
8,7200
1,7201
7,7202
7,7203
8,7204
31,7205
7,7206
31,7207
32,7208
27,7209
32,7210
32,7211
31,7212
1,7213
31,7214
7,7215
27,7216
8,7217
27,7218
27,7219
32,7220
32,7221
31,7222
31,7223
27,7224
27,7225
1,7226
1,7227
8,7228
1,7229
27,7230
31,7231
32,7232
7,7233
8,7234
8,7235
32,7236
31,7237
1,7238
7,7239
8,7240
7,7241
32,7242
1,7243
31,7244
8,7245
1,7246
31,7247
27,7248
1,7249
7,7250
7,7251
31,7252
4,7253
30,7254
30,7255
5,7256
26,7257
38,7258
26,7259
6,7260
22,7261
11,7262
7,7263
31,7264
7,7265
27,7266
8,7267
8,7268
7,7269
8,7270
32,7271
1,7272
8,7273
31,7274
27,7275
32,7276
32,7277
31,7278
8,7279
1,7280
8,7281
27,7282
1,7283
7,7284
27,7285
8,7286
8,7287
8,7288
32,7289
0,7290
0,7291
1,7292
27,7293
2,7294
2,7295
28,7296
28,7297
3,7298
39,7299
16,7300
0,7301
24,7302
1,7303
31,7304
2,7305
2,7306
3,7307
39,7308
39,7309
16,7310
39,7311
3,7312
16,7313
16,7314
16,7315
39,7316
23,7317
24,7318
0,7319
21,7320
24,7321
26,7322
5,7323
38,7324
38,7325
38,7326
10,7327
5,7328
10,7329
26,7330
38,7331
5,7332
36,7333
36,7334
36,7335
36,7336
13,7337
36,7338
13,7339
13,7340
36,7341
36,7342
36,7343
36,7344
36,7345
36,7346
36,7347
13,7348
13,7349
13,7350
36,7351
36,7352
13,7353
27,7354
27,7355
8,7356
31,7357
8,7358
32,7359
7,7360
1,7361
31,7362
31,7363
27,7364
1,7365
7,7366
7,7367
8,7368
27,7369
31,7370
1,7371
32,7372
8,7373
32,7374
27,7375
7,7376
27,7377
32,7378
7,7379
27,7380
8,7381
8,7382
7,7383
1,7384
7,7385
8,7386
18,7387
18,7388
25,7389
33,7390
33,7391
33,7392
33,7393
35,7394
34,7395
6,7396
11,7397
17,7398
17,7399
6,7400
11,7401
17,7402
17,7403
19,7404
6,7405
11,7406
14,7407
11,7408
14,7409
11,7410
22,7411
6,7412
6,7413
14,7414
17,7415
22,7416
6,7417
22,7418
15,7419
6,7420
6,7421
15,7422
14,7423
4,7424
4,7425
30,7426
5,7427
38,7428
38,7429
26,7430
6,7431
17,7432
7,7433
1,7434
27,7435
31,7436
31,7437
32,7438
7,7439
31,7440
1,7441
1,7442
8,7443
31,7444
7,7445
32,7446
31,7447
7,7448
1,7449
1,7450
27,7451
27,7452
32,7453
8,7454
31,7455
27,7456
4,7457
18,7458
5,7459
10,7460
6,7461
19,7462
11,7463
6,7464
6,7465
7,7466
7,7467
27,7468
27,7469
8,7470
32,7471
7,7472
1,7473
27,7474
32,7475
27,7476
7,7477
32,7478
27,7479
8,7480
31,7481
32,7482
0,7483
0,7484
1,7485
31,7486
2,7487
2,7488
3,7489
39,7490
3,7491
16,7492
16,7493
23,7494
16,7495
16,7496
23,7497
24,7498
24,7499
24,7500
26,7501
5,7502
36,7503
13,7504
36,7505
36,7506
13,7507
36,7508
36,7509
13,7510
13,7511
27,7512
8,7513
8,7514
31,7515
32,7516
7,7517
1,7518
1,7519
31,7520
1,7521
31,7522
8,7523
27,7524
1,7525
31,7526
32,7527
1,7528
31,7529
32,7530
27,7531
32,7532
8,7533
1,7534
8,7535
31,7536
1,7537
1,7538
8,7539
27,7540
27,7541
32,7542
1,7543
8,7544
1,7545
7,7546
8,7547
8,7548
1,7549
32,7550
32,7551
8,7552
31,7553
1,7554
8,7555
1,7556
8,7557
27,7558
1,7559
31,7560
1,7561
31,7562
27,7563
1,7564
32,7565
27,7566
27,7567
7,7568
8,7569
27,7570
7,7571
1,7572
7,7573
27,7574
31,7575
1,7576
7,7577
8,7578
1,7579
8,7580
1,7581
27,7582
1,7583
27,7584
31,7585
31,7586
7,7587
31,7588
8,7589
7,7590
32,7591
1,7592
8,7593
27,7594
32,7595
8,7596
18,7597
4,7598
4,7599
30,7600
30,7601
4,7602
18,7603
25,7604
20,7605
25,7606
33,7607
35,7608
25,7609
33,7610
25,7611
35,7612
20,7613
20,7614
33,7615
35,7616
20,7617
20,7618
35,7619
35,7620
25,7621
35,7622
20,7623
35,7624
35,7625
35,7626
34,7627
34,7628
34,7629
12,7630
34,7631
34,7632
6,7633
6,7634
19,7635
11,7636
15,7637
19,7638
6,7639
19,7640
17,7641
17,7642
17,7643
22,7644
19,7645
17,7646
17,7647
37,7648
9,7649
2,7650
37,7651
28,7652
2,7653
29,7654
29,7655
28,7656
28,7657
29,7658
2,7659
28,7660
37,7661
29,7662
2,7663
9,7664
37,7665
39,7666
23,7667
24,7668
24,7669
21,7670
21,7671
0,7672
21,7673
24,7674
0,7675
24,7676
0,7677
21,7678
21,7679
0,7680
21,7681
21,7682
21,7683
24,7684
21,7685
0,7686
0,7687
24,7688
21,7689
0,7690
21,7691
21,7692
0,7693
24,7694
24,7695
21,7696
21,7697
0,7698
21,7699
0,7700
24,7701
24,7702
21,7703
24,7704
24,7705
26,7706
26,7707
10,7708
5,7709
26,7710
10,7711
10,7712
26,7713
38,7714
38,7715
10,7716
26,7717
38,7718
10,7719
10,7720
26,7721
0,7722
0,7723
0,7724
21,7725
0,7726
1,7727
32,7728
2,7729
2,7730
3,7731
3,7732
3,7733
23,7734
4,7735
30,7736
30,7737
5,7738
36,7739
13,7740
6,7741
15,7742
7,7743
1,7744
27,7745
32,7746
4,7747
4,7748
18,7749
30,7750
4,7751
5,7752
26,7753
6,7754
19,7755
7,7756
31,7757
1,7758
31,7759
31,7760
32,7761
27,7762
32,7763
8,7764
18,7765
25,7766
35,7767
20,7768
25,7769
25,7770
20,7771
20,7772
33,7773
20,7774
25,7775
33,7776
20,7777
33,7778
35,7779
35,7780
33,7781
33,7782
33,7783
20,7784
25,7785
33,7786
25,7787
20,7788
35,7789
35,7790
20,7791
20,7792
35,7793
35,7794
33,7795
20,7796
35,7797
20,7798
25,7799
33,7800
35,7801
25,7802
35,7803
25,7804
25,7805
25,7806
25,7807
35,7808
20,7809
20,7810
35,7811
20,7812
33,7813
33,7814
33,7815
35,7816
33,7817
20,7818
25,7819
4,7820
4,7821
5,7822
10,7823
6,7824
19,7825
7,7826
7,7827
27,7828
7,7829
31,7830
31,7831
0,7832
0,7833
1,7834
27,7835
2,7836
29,7837
28,7838
9,7839
3,7840
16,7841
39,7842
16,7843
16,7844
23,7845
39,7846
39,7847
3,7848
16,7849
39,7850
39,7851
39,7852
3,7853
16,7854
16,7855
39,7856
23,7857
3,7858
39,7859
23,7860
24,7861
0,7862
24,7863
0,7864
24,7865
24,7866
0,7867
21,7868
24,7869
0,7870
21,7871
21,7872
21,7873
21,7874
21,7875
24,7876
24,7877
26,7878
38,7879
10,7880
10,7881
5,7882
10,7883
10,7884
5,7885
26,7886
38,7887
26,7888
5,7889
10,7890
26,7891
10,7892
5,7893
36,7894
13,7895
13,7896
13,7897
27,7898
1,7899
7,7900
7,7901
27,7902
1,7903
7,7904
31,7905
1,7906
8,7907
1,7908
8,7909
7,7910
8,7911
27,7912
32,7913
27,7914
1,7915
1,7916
32,7917
1,7918
1,7919
1,7920
8,7921
7,7922
8,7923
1,7924
8,7925
32,7926
7,7927
1,7928
7,7929
32,7930
1,7931
31,7932
27,7933
31,7934
32,7935
31,7936
1,7937
32,7938
7,7939
7,7940
7,7941
7,7942
7,7943
32,7944
31,7945
32,7946
27,7947
27,7948
32,7949
27,7950
32,7951
27,7952
8,7953
18,7954
4,7955
4,7956
4,7957
4,7958
18,7959
18,7960
30,7961
30,7962
30,7963
4,7964
18,7965
4,7966
4,7967
18,7968
4,7969
18,7970
5,7971
5,7972
5,7973
26,7974
6,7975
11,7976
7,7977
7,7978
27,7979
31,7980
27,7981
27,7982
8,7983
18,7984
25,7985
33,7986
35,7987
20,7988
0,7989
0,7990
24,7991
0,7992
1,7993
32,7994
2,7995
37,7996
3,7997
23,7998
23,7999
24,8000
24,8001
26,8002
5,8003
38,8004
38,8005
26,8006
26,8007
10,8008
38,8009
10,8010
26,8011
26,8012
38,8013
5,8014
0,8015
21,8016
21,8017
24,8018
26,8019
5,8020
1,8021
8,8022
2,8023
28,8024
3,8025
39,8026
23,8027
3,8028
16,8029
23,8030
16,8031
39,8032
16,8033
16,8034
3,8035
3,8036
23,8037
24,8038
26,8039
5,8040
10,8041
5,8042
10,8043
26,8044
10,8045
10,8046
26,8047
10,8048
26,8049
38,8050
26,8051
10,8052
10,8053
26,8054
10,8055
5,8056
36,8057
13,8058
36,8059
13,8060
27,8061
8,8062
7,8063
1,8064
7,8065
8,8066
31,8067
8,8068
1,8069
32,8070
31,8071
27,8072
7,8073
8,8074
32,8075
7,8076
31,8077
1,8078
1,8079
31,8080
27,8081
7,8082
32,8083
7,8084
32,8085
27,8086
27,8087
0,8088
21,8089
1,8090
8,8091
2,8092
28,8093
29,8094
37,8095
39,8096
3,8097
3,8098
23,8099
23,8100
39,8101
3,8102
23,8103
16,8104
16,8105
3,8106
23,8107
24,8108
24,8109
26,8110
5,8111
36,8112
13,8113
36,8114
36,8115
13,8116
36,8117
36,8118
13,8119
13,8120
36,8121
13,8122
36,8123
13,8124
27,8125
31,8126
27,8127
31,8128
27,8129
32,8130
31,8131
27,8132
8,8133
32,8134
8,8135
18,8136
4,8137
18,8138
30,8139
4,8140
18,8141
25,8142
20,8143
20,8144
20,8145
25,8146
33,8147
33,8148
33,8149
33,8150
33,8151
35,8152
34,8153
6,8154
14,8155
11,8156
14,8157
11,8158
14,8159
22,8160
15,8161
15,8162
22,8163
22,8164
14,8165
22,8166
11,8167
15,8168
15,8169
15,8170
15,8171
6,8172
15,8173
11,8174
22,8175
15,8176
22,8177
15,8178
11,8179
22,8180
14,8181
22,8182
6,8183
19,8184
19,8185
14,8186
17,8187
19,8188
6,8189
22,8190
19,8191
17,8192
22,8193
17,8194
14,8195
6,8196
19,8197
19,8198
14,8199
11,8200
15,8201
17,8202
6,8203
11,8204
14,8205
11,8206
17,8207
11,8208
17,8209
19,8210
15,8211
17,8212
11,8213
19,8214
14,8215
14,8216
14,8217
15,8218
17,8219
11,8220
22,8221
19,8222
15,8223
6,8224
11,8225
17,8226
6,8227
19,8228
22,8229
17,8230
19,8231
14,8232
15,8233
15,8234
22,8235
17,8236
37,8237
2,8238
37,8239
0,8240
21,8241
21,8242
24,8243
1,8244
32,8245
2,8246
29,8247
3,8248
23,8249
24,8250
26,8251
38,8252
26,8253
5,8254
38,8255
5,8256
38,8257
10,8258
5,8259
38,8260
10,8261
5,8262
26,8263
5,8264
26,8265
26,8266
4,8267
4,8268
4,8269
4,8270
5,8271
38,8272
6,8273
22,8274
14,8275
19,8276
6,8277
11,8278
7,8279
32,8280
1,8281
7,8282
1,8283
1,8284
27,8285
27,8286
27,8287
27,8288
32,8289
31,8290
8,8291
31,8292
8,8293
18,8294
18,8295
18,8296
30,8297
30,8298
18,8299
18,8300
30,8301
4,8302
4,8303
18,8304
4,8305
18,8306
18,8307
30,8308
30,8309
18,8310
25,8311
20,8312
20,8313
25,8314
35,8315
35,8316
33,8317
33,8318
35,8319
20,8320
20,8321
35,8322
35,8323
35,8324
35,8325
33,8326
25,8327
20,8328
33,8329
25,8330
35,8331
34,8332
6,8333
22,8334
19,8335
6,8336
19,8337
19,8338
22,8339
11,8340
6,8341
22,8342
14,8343
22,8344
11,8345
11,8346
19,8347
19,8348
22,8349
11,8350
19,8351
6,8352
6,8353
22,8354
22,8355
15,8356
14,8357
11,8358
11,8359
11,8360
6,8361
19,8362
17,8363
6,8364
11,8365
11,8366
14,8367
11,8368
6,8369
22,8370
15,8371
22,8372
15,8373
19,8374
6,8375
6,8376
14,8377
22,8378
19,8379
11,8380
6,8381
22,8382
15,8383
15,8384
11,8385
19,8386
15,8387
15,8388
14,8389
17,8390
17,8391
17,8392
19,8393
14,8394
22,8395
19,8396
19,8397
11,8398
15,8399
17,8400
6,8401
17,8402
4,8403
4,8404
30,8405
5,8406
38,8407
38,8408
38,8409
6,8410
17,8411
7,8412
7,8413
31,8414
8,8415
27,8416
1,8417
27,8418
31,8419
31,8420
1,8421
8,8422
32,8423
31,8424
27,8425
27,8426
31,8427
1,8428
31,8429
0,8430
24,8431
1,8432
32,8433
8,8434
1,8435
27,8436
8,8437
2,8438
9,8439
9,8440
3,8441
23,8442
23,8443
23,8444
24,8445
26,8446
38,8447
26,8448
38,8449
10,8450
38,8451
26,8452
38,8453
10,8454
26,8455
10,8456
10,8457
10,8458
26,8459
10,8460
10,8461
10,8462
10,8463
26,8464
38,8465
38,8466
26,8467
10,8468
38,8469
38,8470
38,8471
10,8472
26,8473
5,8474
26,8475
10,8476
5,8477
10,8478
38,8479
5,8480
38,8481
26,8482
10,8483
26,8484
10,8485
10,8486
26,8487
26,8488
26,8489
10,8490
26,8491
10,8492
10,8493
38,8494
5,8495
38,8496
5,8497
5,8498
26,8499
10,8500
10,8501
5,8502
26,8503
5,8504
26,8505
38,8506
38,8507
5,8508
36,8509
36,8510
36,8511
36,8512
13,8513
13,8514
27,8515
1,8516
7,8517
32,8518
32,8519
8,8520
1,8521
27,8522
32,8523
31,8524
27,8525
8,8526
1,8527
27,8528
27,8529
31,8530
8,8531
27,8532
1,8533
27,8534
27,8535
7,8536
32,8537
27,8538
1,8539
32,8540
32,8541
27,8542
8,8543
31,8544
32,8545
7,8546
1,8547
7,8548
1,8549
8,8550
7,8551
7,8552
27,8553
7,8554
1,8555
31,8556
27,8557
7,8558
32,8559
1,8560
1,8561
8,8562
7,8563
8,8564
27,8565
27,8566
8,8567
27,8568
1,8569
32,8570
7,8571
27,8572
32,8573
31,8574
27,8575
31,8576
7,8577
32,8578
7,8579
31,8580
31,8581
32,8582
7,8583
1,8584
27,8585
7,8586
1,8587
1,8588
31,8589
27,8590
27,8591
7,8592
32,8593
7,8594
8,8595
32,8596
7,8597
8,8598
31,8599
32,8600
7,8601
8,8602
1,8603
7,8604
1,8605
8,8606
8,8607
8,8608
1,8609
1,8610
1,8611
7,8612
1,8613
31,8614
1,8615
7,8616
32,8617
8,8618
7,8619
27,8620
27,8621
27,8622
31,8623
1,8624
1,8625
31,8626
8,8627
18,8628
30,8629
30,8630
4,8631
30,8632
30,8633
4,8634
4,8635
30,8636
4,8637
4,8638
18,8639
18,8640
4,8641
18,8642
4,8643
18,8644
30,8645
30,8646
4,8647
30,8648
30,8649
4,8650
18,8651
18,8652
25,8653
35,8654
35,8655
25,8656
35,8657
33,8658
35,8659
33,8660
20,8661
33,8662
20,8663
20,8664
25,8665
35,8666
35,8667
33,8668
33,8669
35,8670
25,8671
20,8672
20,8673
20,8674
33,8675
25,8676
35,8677
20,8678
25,8679
33,8680
35,8681
35,8682
33,8683
35,8684
35,8685
34,8686
34,8687
12,8688
12,8689
34,8690
4,8691
30,8692
5,8693
26,8694
10,8695
38,8696
10,8697
5,8698
26,8699
26,8700
6,8701
19,8702
7,8703
27,8704
31,8705
7,8706
7,8707
27,8708
8,8709
31,8710
8,8711
7,8712
32,8713
27,8714
27,8715
27,8716
8,8717
18,8718
4,8719
18,8720
30,8721
4,8722
18,8723
30,8724
30,8725
4,8726
30,8727
18,8728
18,8729
30,8730
4,8731
18,8732
30,8733
4,8734
30,8735
18,8736
25,8737
25,8738
25,8739
25,8740
20,8741
35,8742
25,8743
33,8744
20,8745
20,8746
25,8747
25,8748
20,8749
25,8750
35,8751
35,8752
33,8753
25,8754
25,8755
20,8756
20,8757
25,8758
35,8759
35,8760
4,8761
30,8762
5,8763
5,8764
6,8765
15,8766
7,8767
7,8768
8,8769
1,8770
8,8771
32,8772
8,8773
18,8774
25,8775
20,8776
20,8777
35,8778
25,8779
20,8780
33,8781
33,8782
20,8783
35,8784
20,8785
35,8786
20,8787
33,8788
25,8789
35,8790
33,8791
25,8792
35,8793
33,8794
35,8795
35,8796
20,8797
33,8798
20,8799
25,8800
33,8801
33,8802
33,8803
25,8804
25,8805
25,8806
20,8807
33,8808
35,8809
35,8810
25,8811
35,8812
34,8813
12,8814
12,8815
12,8816
34,8817
6,8818
14,8819
6,8820
22,8821
14,8822
6,8823
14,8824
14,8825
22,8826
19,8827
0,8828
24,8829
24,8830
26,8831
10,8832
1,8833
7,8834
1,8835
32,8836
7,8837
2,8838
9,8839
9,8840
28,8841
9,8842
3,8843
3,8844
39,8845
16,8846
3,8847
3,8848
23,8849
3,8850
16,8851
39,8852
16,8853
39,8854
23,8855
39,8856
16,8857
39,8858
23,8859
3,8860
23,8861
39,8862
39,8863
3,8864
39,8865
23,8866
16,8867
16,8868
23,8869
3,8870
16,8871
23,8872
39,8873
23,8874
23,8875
3,8876
16,8877
16,8878
23,8879
3,8880
3,8881
39,8882
16,8883
23,8884
39,8885
39,8886
16,8887
23,8888
16,8889
16,8890
16,8891
23,8892
16,8893
23,8894
3,8895
3,8896
23,8897
16,8898
23,8899
24,8900
0,8901
0,8902
21,8903
21,8904
21,8905
24,8906
24,8907
24,8908
21,8909
0,8910
21,8911
24,8912
24,8913
24,8914
0,8915
21,8916
24,8917
24,8918
24,8919
26,8920
5,8921
5,8922
38,8923
5,8924
26,8925
5,8926
26,8927
5,8928
26,8929
5,8930
38,8931
38,8932
26,8933
38,8934
10,8935
38,8936
5,8937
38,8938
26,8939
26,8940
38,8941
5,8942
10,8943
5,8944
38,8945
10,8946
38,8947
10,8948
10,8949
5,8950
38,8951
5,8952
5,8953
10,8954
38,8955
5,8956
10,8957
5,8958
5,8959
5,8960
38,8961
10,8962
10,8963
10,8964
10,8965
5,8966
36,8967
36,8968
36,8969
36,8970
13,8971
13,8972
27,8973
8,8974
31,8975
7,8976
1,8977
32,8978
27,8979
1,8980
32,8981
27,8982
31,8983
32,8984
7,8985
32,8986
27,8987
8,8988
32,8989
27,8990
1,8991
1,8992
32,8993
1,8994
27,8995
8,8996
8,8997
7,8998
1,8999
8,9000
7,9001
8,9002
32,9003
7,9004
31,9005
27,9006
32,9007
8,9008
27,9009
32,9010
4,9011
18,9012
30,9013
5,9014
38,9015
5,9016
5,9017
6,9018
14,9019
7,9020
1,9021
7,9022
8,9023
7,9024
8,9025
31,9026
8,9027
8,9028
8,9029
32,9030
31,9031
27,9032
7,9033
7,9034
31,9035
7,9036
8,9037
32,9038
7,9039
27,9040
31,9041
27,9042
7,9043
31,9044
31,9045
7,9046
27,9047
1,9048
31,9049
32,9050
8,9051
8,9052
1,9053
8,9054
8,9055
8,9056
31,9057
8,9058
27,9059
7,9060
31,9061
8,9062
7,9063
32,9064
27,9065
1,9066
31,9067
8,9068
32,9069
8,9070
27,9071
8,9072
32,9073
31,9074
1,9075
27,9076
31,9077
27,9078
32,9079
31,9080
31,9081
31,9082
32,9083
0,9084
24,9085
1,9086
32,9087
2,9088
37,9089
3,9090
16,9091
16,9092
16,9093
39,9094
16,9095
16,9096
16,9097
23,9098
23,9099
23,9100
39,9101
39,9102
23,9103
16,9104
39,9105
3,9106
23,9107
3,9108
16,9109
23,9110
39,9111
3,9112
3,9113
23,9114
39,9115
16,9116
39,9117
23,9118
16,9119
16,9120
23,9121
3,9122
39,9123
39,9124
3,9125
23,9126
3,9127
3,9128
23,9129
16,9130
39,9131
3,9132
16,9133
16,9134
16,9135
39,9136
39,9137
23,9138
39,9139
16,9140
39,9141
16,9142
23,9143
3,9144
3,9145
39,9146
16,9147
23,9148
23,9149
3,9150
16,9151
3,9152
39,9153
16,9154
23,9155
24,9156
21,9157
0,9158
0,9159
24,9160
26,9161
5,9162
26,9163
38,9164
10,9165
5,9166
5,9167
5,9168
5,9169
10,9170
5,9171
26,9172
26,9173
26,9174
5,9175
38,9176
10,9177
26,9178
26,9179
26,9180
26,9181
10,9182
5,9183
5,9184
26,9185
38,9186
38,9187
26,9188
26,9189
5,9190
36,9191
36,9192
13,9193
13,9194
13,9195
36,9196
36,9197
36,9198
36,9199
13,9200
27,9201
7,9202
8,9203
27,9204
7,9205
1,9206
8,9207
8,9208
32,9209
27,9210
1,9211
31,9212
27,9213
27,9214
27,9215
31,9216
8,9217
1,9218
32,9219
1,9220
27,9221
7,9222
1,9223
27,9224
31,9225
27,9226
8,9227
27,9228
27,9229
8,9230
27,9231
8,9232
27,9233
1,9234
7,9235
31,9236
31,9237
8,9238
27,9239
8,9240
7,9241
1,9242
27,9243
8,9244
1,9245
7,9246
1,9247
27,9248
32,9249
32,9250
31,9251
31,9252
27,9253
1,9254
8,9255
18,9256
18,9257
30,9258
30,9259
4,9260
18,9261
4,9262
4,9263
18,9264
25,9265
20,9266
33,9267
35,9268
34,9269
34,9270
6,9271
22,9272
19,9273
19,9274
15,9275
19,9276
22,9277
15,9278
22,9279
6,9280
14,9281
11,9282
14,9283
11,9284
11,9285
15,9286
22,9287
17,9288
17,9289
22,9290
15,9291
19,9292
6,9293
19,9294
11,9295
17,9296
19,9297
14,9298
17,9299
17,9300
22,9301
15,9302
22,9303
6,9304
17,9305
14,9306
17,9307
15,9308
22,9309
22,9310
19,9311
6,9312
6,9313
19,9314
19,9315
22,9316
17,9317
6,9318
11,9319
14,9320
17,9321
15,9322
17,9323
15,9324
11,9325
19,9326
11,9327
17,9328
6,9329
6,9330
6,9331
4,9332
30,9333
30,9334
4,9335
5,9336
36,9337
6,9338
15,9339
22,9340
7,9341
1,9342
8,9343
32,9344
1,9345
31,9346
27,9347
1,9348
8,9349
8,9350
8,9351
1,9352
8,9353
1,9354
1,9355
31,9356
8,9357
31,9358
31,9359
7,9360
31,9361
31,9362
8,9363
32,9364
1,9365
8,9366
1,9367
7,9368
1,9369
8,9370
8,9371
1,9372
7,9373
8,9374
7,9375
7,9376
8,9377
1,9378
27,9379
32,9380
8,9381
18,9382
30,9383
30,9384
18,9385
18,9386
25,9387
33,9388
33,9389
20,9390
35,9391
33,9392
35,9393
20,9394
33,9395
20,9396
25,9397
25,9398
35,9399
35,9400
34,9401
6,9402
14,9403
6,9404
6,9405
15,9406
17,9407
19,9408
4,9409
18,9410
18,9411
4,9412
30,9413
5,9414
36,9415
36,9416
36,9417
36,9418
36,9419
6,9420
11,9421
17,9422
7,9423
7,9424
31,9425
27,9426
7,9427
32,9428
27,9429
7,9430
27,9431
1,9432
8,9433
8,9434
7,9435
8,9436
7,9437
31,9438
8,9439
7,9440
1,9441
27,9442
32,9443
7,9444
32,9445
7,9446
1,9447
27,9448
27,9449
8,9450
7,9451
8,9452
7,9453
31,9454
7,9455
7,9456
7,9457
7,9458
31,9459
7,9460
32,9461
8,9462
8,9463
18,9464
4,9465
4,9466
18,9467
30,9468
18,9469
18,9470
30,9471
4,9472
18,9473
30,9474
18,9475
30,9476
30,9477
4,9478
18,9479
18,9480
4,9481
30,9482
18,9483
18,9484
30,9485
18,9486
18,9487
30,9488
4,9489
30,9490
30,9491
18,9492
18,9493
25,9494
25,9495
33,9496
35,9497
25,9498
35,9499
25,9500
0,9501
24,9502
26,9503
1,9504
31,9505
31,9506
32,9507
7,9508
2,9509
28,9510
3,9511
16,9512
39,9513
16,9514
16,9515
3,9516
39,9517
3,9518
16,9519
16,9520
23,9521
23,9522
3,9523
23,9524
16,9525
16,9526
3,9527
3,9528
23,9529
16,9530
23,9531
24,9532
26,9533
5,9534
26,9535
26,9536
26,9537
5,9538
38,9539
38,9540
26,9541
26,9542
10,9543
38,9544
26,9545
5,9546
38,9547
5,9548
10,9549
10,9550
38,9551
26,9552
5,9553
38,9554
26,9555
38,9556
38,9557
26,9558
38,9559
38,9560
38,9561
10,9562
5,9563
36,9564
13,9565
4,9566
30,9567
30,9568
5,9569
5,9570
6,9571
17,9572
37,9573
2,9574
7,9575
31,9576
7,9577
31,9578
7,9579
8,9580
7,9581
31,9582
32,9583
27,9584
1,9585
8,9586
7,9587
1,9588
8,9589
1,9590
27,9591
7,9592
31,9593
1,9594
1,9595
1,9596
27,9597
8,9598
7,9599
31,9600
31,9601
32,9602
8,9603
8,9604
31,9605
27,9606
7,9607
31,9608
7,9609
31,9610
32,9611
27,9612
32,9613
31,9614
27,9615
32,9616
7,9617
27,9618
31,9619
8,9620
1,9621
7,9622
1,9623
27,9624
32,9625
1,9626
7,9627
27,9628
7,9629
1,9630
1,9631
27,9632
1,9633
31,9634
8,9635
27,9636
1,9637
1,9638
32,9639
27,9640
8,9641
32,9642
27,9643
31,9644
8,9645
27,9646
31,9647
27,9648
1,9649
27,9650
1,9651
27,9652
7,9653
7,9654
31,9655
27,9656
27,9657
32,9658
7,9659
1,9660
31,9661
31,9662
31,9663
32,9664
27,9665
7,9666
1,9667
7,9668
1,9669
32,9670
27,9671
27,9672
8,9673
32,9674
1,9675
31,9676
32,9677
8,9678
31,9679
27,9680
8,9681
18,9682
0,9683
21,9684
1,9685
8,9686
2,9687
9,9688
2,9689
3,9690
23,9691
16,9692
16,9693
16,9694
23,9695
24,9696
0,9697
24,9698
0,9699
24,9700
0,9701
0,9702
0,9703
21,9704
21,9705
21,9706
0,9707
21,9708
0,9709
0,9710
24,9711
24,9712
26,9713
5,9714
10,9715
5,9716
26,9717
5,9718
5,9719
26,9720
5,9721
10,9722
38,9723
5,9724
36,9725
13,9726
36,9727
13,9728
36,9729
13,9730
27,9731
8,9732
7,9733
31,9734
1,9735
8,9736
1,9737
1,9738
31,9739
7,9740
32,9741
1,9742
27,9743
32,9744
31,9745
1,9746
1,9747
27,9748
8,9749
32,9750
8,9751
18,9752
30,9753
18,9754
18,9755
30,9756
30,9757
18,9758
30,9759
18,9760
25,9761
35,9762
20,9763
35,9764
33,9765
20,9766
35,9767
25,9768
25,9769
33,9770
33,9771
35,9772
25,9773
25,9774
20,9775
0,9776
0,9777
24,9778
0,9779
0,9780
1,9781
7,9782
2,9783
37,9784
2,9785
28,9786
3,9787
23,9788
39,9789
39,9790
16,9791
23,9792
24,9793
0,9794
0,9795
1,9796
27,9797
31,9798
2,9799
28,9800
3,9801
23,9802
24,9803
24,9804
26,9805
10,9806
5,9807
5,9808
36,9809
13,9810
36,9811
36,9812
36,9813
13,9814
36,9815
13,9816
36,9817
13,9818
13,9819
13,9820
13,9821
13,9822
27,9823
8,9824
32,9825
32,9826
27,9827
1,9828
8,9829
8,9830
1,9831
8,9832
7,9833
31,9834
31,9835
1,9836
27,9837
32,9838
8,9839
8,9840
31,9841
27,9842
0,9843
24,9844
21,9845
1,9846
1,9847
2,9848
9,9849
3,9850
3,9851
39,9852
23,9853
24,9854
26,9855
38,9856
26,9857
10,9858
10,9859
26,9860
26,9861
26,9862
10,9863
10,9864
5,9865
5,9866
5,9867
26,9868
38,9869
26,9870
38,9871
5,9872
26,9873
5,9874
5,9875
5,9876
4,9877
18,9878
30,9879
5,9880
26,9881
38,9882
26,9883
26,9884
26,9885
26,9886
26,9887
38,9888
6,9889
15,9890
22,9891
22,9892
14,9893
7,9894
31,9895
8,9896
7,9897
1,9898
1,9899
32,9900
32,9901
7,9902
31,9903
31,9904
32,9905
1,9906
7,9907
1,9908
1,9909
1,9910
8,9911
32,9912
8,9913
1,9914
27,9915
32,9916
7,9917
31,9918
8,9919
7,9920
8,9921
7,9922
27,9923
31,9924
8,9925
27,9926
31,9927
7,9928
31,9929
1,9930
31,9931
31,9932
31,9933
32,9934
0,9935
21,9936
1,9937
31,9938
27,9939
2,9940
29,9941
9,9942
3,9943
16,9944
3,9945
23,9946
23,9947
23,9948
39,9949
3,9950
3,9951
3,9952
3,9953
16,9954
16,9955
3,9956
16,9957
23,9958
3,9959
23,9960
39,9961
3,9962
39,9963
23,9964
23,9965
3,9966
16,9967
3,9968
23,9969
3,9970
16,9971
23,9972
16,9973
16,9974
3,9975
3,9976
39,9977
3,9978
23,9979
39,9980
23,9981
3,9982
3,9983
23,9984
3,9985
3,9986
23,9987
24,9988
26,9989
5,9990
10,9991
26,9992
38,9993
10,9994
26,9995
5,9996
0,9997
0,9998
1,9999
